0 16
1 1
2 16
3 16
4 7
5 16
6 0
7 16
8 16
9 0
10 0
11 7
12 16
13 7
14 8
15 8
16 7
17 16
18 16
19 1
20 1
21 16
22 7
23 13
24 16
25 7
26 16
27 16
28 5
29 0
30 7
31 16
32 16
33 1
34 7
35 16
36 0
37 16
38 16
39 6
40 16
41 16
42 16
43 16
44 16
45 14
46 16
47 16
48 7
49 16
50 2
51 16
52 16
53 16
54 16
55 16
56 16
57 7
58 8
59 16
60 7
61 16
62 16
63 2
64 16
65 7
66 14
67 16
68 16
69 16
70 16
71 5
72 7
73 16
74 16
75 16
76 18
77 13
78 16
79 16
80 16
81 16
82 16
83 0
84 1
85 16
86 7
87 7
88 11
89 16
90 6
91 7
92 5
93 5
94 0
95 0
96 16
97 16
98 16
99 13
100 15
101 6
102 16
103 6
104 7
105 7
106 6
107 1
108 7
109 16
110 16
111 16
112 16
113 16
114 16
115 16
116 16
117 16
118 0
119 7
120 0
121 1
122 16
123 5
124 4
125 16
126 16
127 16
128 16
129 7
130 16
131 16
132 16
133 16
134 18
135 16
136 16
137 16
138 17
139 0
140 5
141 15
142 7
143 16
144 16
145 16
146 16
147 8
148 7
149 16
150 16
151 16
152 7
153 16
154 12
155 1
156 16
157 16
158 4
159 13
160 16
161 7
162 1
163 16
164 16
165 7
166 16
167 0
168 16
169 16
170 16
171 13
172 16
173 7
174 13
175 16
176 16
177 7
178 16
179 16
180 1
181 16
182 16
183 7
184 16
185 16
186 16
187 16
188 16
189 16
190 16
191 16
192 0
193 16
194 16
195 7
196 16
197 16
198 7
199 16
200 7
201 16
202 16
203 16
204 0
205 16
206 16
207 16
208 16
209 7
210 16
211 16
212 16
213 0
214 16
215 16
216 16
217 16
218 16
219 3
220 7
221 16
222 1
223 16
224 16
225 16
226 1
227 0
228 16
229 16
230 16
231 16
232 16
233 7
234 7
235 16
236 16
237 16
238 16
239 16
240 16
241 16
242 16
243 16
244 0
245 16
246 16
247 15
248 16
249 16
250 16
251 16
252 7
253 16
254 16
255 7
256 0
257 16
258 16
259 16
260 16
261 6
262 16
263 16
264 6
265 7
266 0
267 16
268 16
269 16
270 7
271 1
272 16
273 7
274 16
275 16
276 7
277 16
278 16
279 16
280 16
281 16
282 16
283 19
284 13
285 16
286 16
287 16
288 16
289 13
290 7
291 5
292 16
293 16
294 16
295 16
296 16
297 0
298 0
299 6
300 7
301 16
302 16
303 9
304 16
305 12
306 0
307 16
308 16
309 16
310 16
311 16
312 0
313 16
314 16
315 0
316 16
317 16
318 16
319 7
320 0
321 7
322 7
323 16
324 1
325 16
326 16
327 16
328 16
329 1
330 16
331 16
332 16
333 16
334 0
335 16
336 0
337 16
338 16
339 5
340 16
341 16
342 16
343 17
344 16
345 0
346 16
347 13
348 16
349 16
350 16
351 1
352 16
353 7
354 6
355 16
356 0
357 16
358 16
359 7
360 1
361 8
362 16
363 13
364 16
365 1
366 16
367 16
368 16
369 16
370 7
371 7
372 16
373 16
374 7
375 7
376 16
377 16
378 1
379 16
380 16
381 7
382 0
383 16
384 0
385 7
386 16
387 11
388 16
389 16
390 7
391 0
392 16
393 16
394 1
395 16
396 16
397 16
398 16
399 16
400 16
401 16
402 6
403 7
404 0
405 16
406 16
407 13
408 16
409 9
410 16
411 7
412 0
413 16
414 1
415 16
416 13
417 16
418 1
419 15
420 7
421 16
422 16
423 16
424 16
425 16
426 16
427 7
428 7
429 16
430 16
431 16
432 16
433 16
434 16
435 16
436 16
437 16
438 7
439 16
440 1
441 16
442 13
443 16
444 1
445 7
446 7
447 16
448 7
449 16
450 16
451 16
452 7
453 16
454 1
455 0
456 16
457 16
458 16
459 16
460 7
461 16
462 13
463 0
464 16
465 13
466 7
467 16
468 16
469 17
470 5
471 17
472 16
473 7
474 1
475 16
476 7
477 7
478 16
479 16
480 16
481 16
482 16
483 0
484 7
485 16
486 14
487 16
488 0
489 7
490 16
491 7
492 16
493 12
494 16
495 19
496 11
497 7
498 16
499 16
500 7
501 8
502 16
503 16
504 16
505 7
506 0
507 16
508 16
509 16
510 7
511 1
512 16
513 16
514 16
515 16
516 16
517 16
518 16
519 16
520 2
521 14
522 16
523 7
524 16
525 7
526 16
527 16
528 7
529 16
530 16
531 16
532 16
533 16
534 16
535 16
536 16
537 6
538 13
539 5
540 16
541 16
542 16
543 16
544 2
545 6
546 18
547 16
548 2
549 11
550 4
551 16
552 16
553 16
554 16
555 16
556 1
557 16
558 13
559 16
560 16
561 16
562 16
563 7
564 13
565 5
566 7
567 16
568 0
569 16
570 16
571 7
572 16
573 16
574 5
575 16
576 16
577 15
578 16
579 16
580 16
581 0
582 16
583 0
584 16
585 16
586 7
587 16
588 16
589 14
590 16
591 16
592 16
593 16
594 16
595 16
596 16
597 4
598 16
599 0
600 16
601 16
602 1
603 16
604 7
605 16
606 7
607 16
608 16
609 16
610 10
611 16
612 1
613 1
614 5
615 16
616 16
617 1
618 10
619 16
620 1
621 7
622 7
623 13
624 16
625 16
626 5
627 16
628 1
629 7
630 8
631 7
632 16
633 16
634 7
635 0
636 7
637 11
638 16
639 8
640 16
641 16
642 16
643 16
644 16
645 16
646 16
647 16
648 16
649 16
650 8
651 16
652 10
653 2
654 4
655 16
656 15
657 16
658 16
659 16
660 16
661 16
662 16
663 17
664 16
665 7
666 7
667 13
668 17
669 16
670 16
671 8
672 16
673 16
674 16
675 7
676 7
677 2
678 10
679 7
680 16
681 7
682 16
683 16
684 16
685 16
686 16
687 16
688 7
689 0
690 7
691 16
692 16
693 16
694 18
695 16
696 1
697 16
698 0
699 16
700 16
701 6
702 7
703 16
704 16
705 16
706 16
707 16
708 15
709 16
710 16
711 16
712 0
713 16
714 16
715 16
716 7
717 16
718 16
719 16
720 16
721 16
722 16
723 16
724 13
725 16
726 7
727 7
728 16
729 14
730 16
731 7
732 0
733 16
734 2
735 7
736 2
737 16
738 16
739 16
740 16
741 16
742 8
743 1
744 16
745 16
746 12
747 1
748 16
749 16
750 16
751 16
752 16
753 16
754 16
755 7
756 1
757 16
758 16
759 8
760 16
761 16
762 9
763 9
764 7
765 16
766 16
767 7
768 16
769 16
770 16
771 16
772 16
773 5
774 7
775 7
776 0
777 16
778 16
779 1
780 1
781 16
782 16
783 1
784 3
785 7
786 16
787 16
788 16
789 16
790 16
791 0
792 16
793 16
794 13
795 0
796 16
797 16
798 16
799 16
800 16
801 16
802 16
803 16
804 16
805 16
806 16
807 16
808 7
809 16
810 16
811 1
812 1
813 1
814 16
815 5
816 13
817 5
818 16
819 5
820 13
821 7
822 16
823 0
824 16
825 1
826 16
827 16
828 16
829 7
830 16
831 1
832 16
833 16
834 16
835 16
836 17
837 16
838 16
839 16
840 16
841 16
842 13
843 16
844 16
845 7
846 16
847 16
848 8
849 16
850 0
851 7
852 7
853 17
854 16
855 16
856 13
857 1
858 16
859 16
860 16
861 16
862 1
863 16
864 7
865 0
866 16
867 14
868 16
869 16
870 1
871 10
872 16
873 17
874 16
875 7
876 8
877 14
878 16
879 16
880 1
881 7
882 10
883 16
884 16
885 7
886 16
887 16
888 7
889 16
890 16
891 16
892 16
893 6
894 7
895 13
896 16
897 0
898 16
899 16
900 16
901 7
902 16
903 16
904 16
905 16
906 16
907 13
908 16
909 16
910 16
911 16
912 16
913 16
914 16
915 16
916 16
917 7
918 7
919 16
920 16
921 16
922 16
923 14
924 16
925 16
926 0
927 7
928 7
929 8
930 16
931 10
932 16
933 16
934 1
935 7
936 16
937 13
938 16
939 16
940 16
941 1
942 13
943 0
944 16
945 16
946 7
947 16
948 11
949 7
950 6
951 1
952 16
953 16
954 16
955 16
956 16
957 16
958 7
959 1
960 7
961 4
962 16
963 7
964 16
965 16
966 0
967 16
968 16
969 7
970 7
971 16
972 16
973 16
974 7
975 7
976 2
977 17
978 7
979 16
980 18
981 16
982 16
983 16
984 8
985 16
986 16
987 7
988 16
989 7
990 7
991 7
992 16
993 16
994 16
995 16
996 16
997 13
998 16
999 11
1000 7
1001 16
1002 6
1003 3
1004 16
1005 1
1006 16
1007 16
1008 16
1009 7
1010 16
1011 16
1012 16
1013 7
1014 7
1015 16
1016 16
1017 16
1018 16
1019 16
1020 13
1021 16
1022 14
1023 16
1024 13
1025 16
1026 16
1027 1
1028 16
1029 13
1030 7
1031 16
1032 1
1033 3
1034 7
1035 4
1036 7
1037 6
1038 16
1039 16
1040 1
1041 16
1042 16
1043 16
1044 0
1045 16
1046 16
1047 16
1048 16
1049 0
1050 16
1051 16
1052 16
1053 16
1054 16
1055 16
1056 16
1057 16
1058 13
1059 8
1060 16
1061 16
1062 0
1063 17
1064 17
1065 16
1066 16
1067 16
1068 16
1069 8
1070 16
1071 6
1072 0
1073 0
1074 7
1075 16
1076 16
1077 0
1078 0
1079 16
1080 16
1081 16
1082 16
1083 7
1084 7
1085 16
1086 16
1087 17
1088 7
1089 7
1090 16
1091 16
1092 8
1093 14
1094 0
1095 16
1096 1
1097 16
1098 16
1099 12
1100 7
1101 16
1102 16
1103 16
1104 16
1105 16
1106 16
1107 16
1108 7
1109 7
1110 13
1111 7
1112 16
1113 16
1114 7
1115 16
1116 13
1117 16
1118 16
1119 16
1120 18
1121 16
1122 16
1123 16
1124 16
1125 16
1126 16
1127 16
1128 7
1129 16
1130 1
1131 13
1132 1
1133 7
1134 16
1135 19
1136 16
1137 16
1138 16
1139 7
1140 1
1141 16
1142 2
1143 0
1144 16
1145 16
1146 16
1147 16
1148 16
1149 16
1150 16
1151 16
1152 16
1153 16
1154 1
1155 16
1156 16
1157 16
1158 1
1159 7
1160 7
1161 16
1162 16
1163 1
1164 7
1165 16
1166 16
1167 7
1168 0
1169 16
1170 16
1171 16
1172 16
1173 6
1174 16
1175 7
1176 10
1177 16
1178 4
1179 6
1180 3
1181 16
1182 7
1183 16
1184 0
1185 16
1186 7
1187 1
1188 16
1189 16
1190 7
1191 16
1192 0
1193 16
1194 1
1195 10
1196 16
1197 16
1198 7
1199 16
1200 7
1201 16
1202 16
1203 13
1204 16
1205 16
1206 1
1207 16
1208 16
1209 16
1210 1
1211 16
1212 16
1213 18
1214 16
1215 1
1216 16
1217 1
1218 0
1219 7
1220 16
1221 7
1222 0
1223 7
1224 16
1225 16
1226 7
1227 16
1228 7
1229 1
1230 16
1231 16
1232 1
1233 3
1234 16
1235 4
1236 7
1237 16
1238 16
1239 5
1240 7
1241 16
1242 16
1243 15
1244 16
1245 8
1246 16
1247 15
1248 16
1249 16
1250 16
1251 5
1252 16
1253 16
1254 16
1255 16
1256 16
1257 1
1258 16
1259 2
1260 7
1261 8
1262 17
1263 16
1264 5
1265 16
1266 16
1267 16
1268 4
1269 16
1270 0
1271 13
1272 7
1273 5
1274 16
1275 16
1276 7
1277 13
1278 16
1279 2
1280 16
1281 16
1282 14
1283 16
1284 16
1285 16
1286 1
1287 4
1288 0
1289 16
1290 7
1291 14
1292 16
1293 16
1294 16
1295 16
1296 16
1297 16
1298 7
1299 7
1300 16
1301 16
1302 16
1303 16
1304 5
1305 16
1306 7
1307 16
1308 16
1309 16
1310 7
1311 16
1312 16
1313 16
1314 16
1315 16
1316 16
1317 16
1318 16
1319 16
1320 16
1321 16
1322 16
1323 16
1324 1
1325 16
1326 16
1327 16
1328 16
1329 16
1330 16
1331 16
1332 16
1333 13
1334 16
1335 16
1336 16
1337 16
1338 9
1339 16
1340 7
1341 1
1342 7
1343 16
1344 6
1345 7
1346 7
1347 16
1348 16
1349 16
1350 16
1351 16
1352 7
1353 16
1354 16
1355 16
1356 16
1357 8
1358 16
1359 16
1360 16
1361 7
1362 7
1363 1
1364 16
1365 16
1366 16
1367 16
1368 13
1369 16
1370 16
1371 16
1372 16
1373 16
1374 11
1375 13
1376 7
1377 16
1378 10
1379 16
1380 16
1381 14
1382 16
1383 7
1384 5
1385 16
1386 16
1387 16
1388 16
1389 16
1390 16
1391 16
1392 0
1393 16
1394 13
1395 14
1396 9
1397 5
1398 15
1399 7
1400 16
1401 1
1402 16
1403 16
1404 16
1405 16
1406 16
1407 16
1408 16
1409 7
1410 0
1411 6
1412 1
1413 16
1414 7
1415 16
1416 16
1417 16
1418 16
1419 16
1420 7
1421 16
1422 0
1423 7
1424 16
1425 8
1426 16
1427 16
1428 0
1429 17
1430 16
1431 16
1432 16
1433 16
1434 16
1435 16
1436 0
1437 16
1438 16
1439 16
1440 1
1441 16
1442 7
1443 16
1444 1
1445 16
1446 10
1447 7
1448 16
1449 16
1450 16
1451 18
1452 16
1453 16
1454 16
1455 16
1456 16
1457 16
1458 16
1459 0
1460 0
1461 16
1462 16
1463 16
1464 16
1465 0
1466 0
1467 2
1468 16
1469 3
1470 7
1471 0
1472 8
1473 16
1474 19
1475 16
1476 16
1477 16
1478 4
1479 16
1480 7
1481 16
1482 16
1483 13
1484 0
1485 19
1486 16
1487 16
1488 16
1489 16
1490 16
1491 16
1492 7
1493 16
1494 16
1495 16
1496 16
1497 16
1498 16
1499 16
1500 7
1501 16
1502 16
1503 16
1504 16
1505 16
1506 18
1507 7
1508 8
1509 14
1510 16
1511 16
1512 16
1513 16
1514 16
1515 16
1516 16
1517 1
1518 7
1519 16
1520 0
1521 7
1522 16
1523 16
1524 16
1525 16
1526 16
1527 11
1528 16
1529 11
1530 3
1531 16
1532 16
1533 0
1534 16
1535 7
1536 16
1537 16
1538 16
1539 4
1540 7
1541 16
1542 16
1543 16
1544 16
1545 16
1546 16
1547 16
1548 7
1549 16
1550 16
1551 16
1552 16
1553 16
1554 16
1555 16
1556 16
1557 16
1558 1
1559 0
1560 16
1561 16
1562 7
1563 6
1564 16
1565 0
1566 16
1567 8
1568 16
1569 0
1570 16
1571 2
1572 14
1573 16
1574 16
1575 16
1576 16
1577 16
1578 13
1579 16
1580 3
1581 16
1582 16
1583 16
1584 7
1585 0
1586 7
1587 19
1588 16
1589 13
1590 16
1591 16
1592 13
1593 16
1594 16
1595 9
1596 5
1597 16
1598 13
1599 8
1600 3
1601 16
1602 13
1603 16
1604 0
1605 13
1606 16
1607 13
1608 16
1609 0
1610 3
1611 16
1612 16
1613 12
1614 16
1615 16
1616 13
1617 16
1618 1
1619 16
1620 16
1621 7
1622 16
1623 16
1624 16
1625 0
1626 11
1627 16
1628 16
1629 16
1630 1
1631 16
1632 18
1633 16
1634 16
1635 16
1636 1
1637 16
1638 16
1639 16
1640 7
1641 16
1642 16
1643 16
1644 7
1645 16
1646 16
1647 1
1648 1
1649 0
1650 5
1651 16
1652 16
1653 16
1654 16
1655 16
1656 16
1657 16
1658 16
1659 1
1660 7
1661 16
1662 7
1663 16
1664 16
1665 16
1666 5
1667 7
1668 0
1669 16
1670 16
1671 16
1672 5
1673 7
1674 16
1675 2
1676 16
1677 1
1678 16
1679 16
1680 16
1681 16
1682 16
1683 16
1684 16
1685 16
1686 7
1687 16
1688 16
1689 7
1690 16
1691 15
1692 3
1693 16
1694 16
1695 16
1696 16
1697 16
1698 16
1699 16
1700 16
1701 16
1702 14
1703 7
1704 13
1705 13
1706 16
1707 7
1708 16
1709 7
1710 16
1711 5
1712 5
1713 16
1714 0
1715 16
1716 16
1717 16
1718 16
1719 16
1720 7
1721 16
1722 16
1723 16
1724 17
1725 16
1726 16
1727 16
1728 16
1729 16
1730 7
1731 16
1732 16
1733 16
1734 16
1735 7
1736 7
1737 0
1738 16
1739 0
1740 16
1741 16
1742 16
1743 1
1744 1
1745 17
1746 3
1747 16
1748 1
1749 12
1750 16
1751 16
1752 16
1753 16
1754 16
1755 16
1756 16
1757 0
1758 16
1759 0
1760 0
1761 16
1762 16
1763 5
1764 16
1765 5
1766 16
1767 16
1768 16
1769 16
1770 16
1771 16
1772 8
1773 16
1774 16
1775 0
1776 9
1777 16
1778 16
1779 16
1780 16
1781 16
1782 0
1783 9
1784 1
1785 0
1786 16
1787 1
1788 16
1789 2
1790 0
1791 13
1792 3
1793 16
1794 16
1795 0
1796 16
1797 16
1798 16
1799 13
1800 0
1801 16
1802 16
1803 1
1804 1
1805 16
1806 16
1807 16
1808 16
1809 0
1810 1
1811 2
1812 16
1813 16
1814 16
1815 7
1816 16
1817 13
1818 13
1819 16
1820 7
1821 16
1822 1
1823 0
1824 7
1825 8
1826 16
1827 16
1828 16
1829 16
1830 7
1831 16
1832 16
1833 16
1834 16
1835 7
1836 16
1837 16
1838 11
1839 7
1840 1
1841 16
1842 2
1843 16
1844 6
1845 16
1846 19
1847 15
1848 16
1849 8
1850 16
1851 16
1852 1
1853 1
1854 7
1855 13
1856 16
1857 7
1858 17
1859 13
1860 16
1861 16
1862 1
1863 13
1864 1
1865 1
1866 16
1867 16
1868 0
1869 7
1870 1
1871 13
1872 16
1873 16
1874 16
1875 19
1876 12
1877 0
1878 13
1879 0
1880 16
1881 16
1882 16
1883 16
1884 7
1885 16
1886 16
1887 16
1888 16
1889 1
1890 1
1891 16
1892 16
1893 0
1894 16
1895 10
1896 0
1897 16
1898 16
1899 19
1900 16
1901 16
1902 16
1903 16
1904 5
1905 13
1906 16
1907 7
1908 16
1909 7
1910 17
1911 16
1912 16
1913 13
1914 16
1915 16
1916 16
1917 16
1918 5
1919 13
1920 7
1921 7
1922 7
1923 13
1924 16
1925 16
1926 16
1927 16
1928 16
1929 16
1930 16
1931 16
1932 2
1933 16
1934 16
1935 16
1936 16
1937 7
1938 16
1939 16
1940 16
1941 16
1942 16
1943 15
1944 16
1945 13
1946 16
1947 16
1948 16
1949 16
1950 7
1951 16
1952 16
1953 16
1954 16
1955 1
1956 16
1957 16
1958 6
1959 0
1960 16
1961 0
1962 1
1963 16
1964 16
1965 16
1966 0
1967 16
1968 1
1969 16
1970 16
1971 16
1972 1
1973 16
1974 16
1975 16
1976 16
1977 13
1978 7
1979 16
1980 7
1981 16
1982 0
1983 7
1984 16
1985 16
1986 16
1987 16
1988 16
1989 16
1990 5
1991 16
1992 3
1993 16
1994 16
1995 16
1996 16
1997 16
1998 1
1999 1
2000 16
2001 16
2002 1
2003 13
2004 16
2005 16
2006 16
2007 16
2008 16
2009 16
2010 16
2011 16
2012 16
2013 16
2014 14
2015 16
2016 16
2017 16
2018 16
2019 0
2020 19
2021 9
2022 16
2023 16
2024 16
2025 16
2026 10
2027 1
2028 1
2029 16
2030 1
2031 1
2032 16
2033 16
2034 6
2035 1
2036 16
2037 2
2038 16
2039 16
2040 0
2041 10
2042 16
2043 7
2044 12
2045 16
2046 16
2047 16
2048 16
2049 16
2050 16
2051 16
2052 7
2053 16
2054 16
2055 1
2056 16
2057 16
2058 16
2059 1
2060 7
2061 16
2062 18
2063 16
2064 16
2065 16
2066 7
2067 16
2068 16
2069 16
2070 16
2071 7
2072 7
2073 7
2074 4
2075 13
2076 7
2077 11
2078 16
2079 16
2080 16
2081 16
2082 7
2083 16
2084 16
2085 16
2086 16
2087 16
2088 13
2089 16
2090 16
2091 16
2092 1
2093 16
2094 16
2095 1
2096 16
2097 16
2098 16
2099 16
2100 1
2101 16
2102 16
2103 16
2104 16
2105 16
2106 16
2107 7
2108 16
2109 4
2110 16
2111 16
2112 16
2113 16
2114 16
2115 7
2116 0
2117 16
2118 16
2119 5
2120 17
2121 16
2122 16
2123 16
2124 16
2125 7
2126 16
2127 16
2128 0
2129 1
2130 7
2131 16
2132 1
2133 13
2134 7
2135 16
2136 16
2137 13
2138 16
2139 7
2140 16
2141 16
2142 16
2143 16
2144 5
2145 16
2146 13
2147 15
2148 16
2149 0
2150 16
2151 16
2152 14
2153 13
2154 16
2155 16
2156 0
2157 0
2158 16
2159 16
2160 16
2161 7
2162 16
2163 16
2164 16
2165 16
2166 16
2167 16
2168 16
2169 16
2170 11
2171 16
2172 16
2173 16
2174 17
2175 16
2176 12
2177 1
2178 16
2179 16
2180 7
2181 16
2182 13
2183 16
2184 16
2185 1
2186 16
2187 16
2188 16
2189 16
2190 16
2191 16
2192 8
2193 16
2194 16
2195 7
2196 16
2197 17
2198 16
2199 16
2200 16
2201 7
2202 7
2203 16
2204 16
2205 16
2206 1
2207 14
2208 7
2209 16
2210 8
2211 16
2212 16
2213 16
2214 6
2215 13
2216 16
2217 1
2218 16
2219 16
2220 13
2221 16
2222 16
2223 1
2224 16
2225 1
2226 17
2227 16
2228 0
2229 0
2230 16
2231 16
2232 0
2233 7
2234 16
2235 16
2236 14
2237 16
2238 16
2239 13
2240 7
2241 10
2242 16
2243 16
2244 16
2245 16
2246 16
2247 16
2248 16
2249 7
2250 16
2251 16
2252 16
2253 10
2254 16
2255 16
2256 13
2257 0
2258 16
2259 13
2260 16
2261 16
2262 16
2263 7
2264 16
2265 16
2266 17
2267 16
2268 16
2269 16
2270 11
2271 7
2272 16
2273 6
2274 16
2275 7
2276 16
2277 16
2278 16
2279 0
2280 4
2281 1
2282 16
2283 16
2284 13
2285 16
2286 16
2287 16
2288 16
2289 16
2290 16
2291 16
2292 1
2293 16
2294 7
2295 1
2296 16
2297 16
2298 19
2299 7
2300 0
2301 16
2302 16
2303 7
2304 11
2305 16
2306 16
2307 16
2308 16
2309 14
2310 16
2311 16
2312 16
2313 13
2314 7
2315 16
2316 7
2317 16
2318 10
2319 16
2320 16
2321 16
2322 7
2323 16
2324 16
2325 7
2326 16
2327 16
2328 10
2329 1
2330 2
2331 16
2332 16
2333 16
2334 16
2335 16
2336 16
2337 16
2338 0
2339 16
2340 16
2341 16
2342 16
2343 16
2344 1
2345 3
2346 0
2347 7
2348 16
2349 16
2350 16
2351 7
2352 7
2353 16
2354 16
2355 16
2356 16
2357 11
2358 16
2359 16
2360 5
2361 16
2362 16
2363 16
2364 16
2365 16
2366 3
2367 16
2368 7
2369 16
2370 7
2371 16
2372 16
2373 16
2374 13
2375 16
2376 13
2377 16
2378 16
2379 5
2380 16
2381 7
2382 16
2383 16
2384 7
2385 16
2386 16
2387 16
2388 13
2389 14
2390 16
2391 7
2392 7
2393 16
2394 16
2395 16
2396 16
2397 16
2398 7
2399 16
2400 16
2401 16
2402 13
2403 16
2404 6
2405 0
2406 6
2407 16
2408 7
2409 0
2410 1
2411 7
2412 0
2413 13
2414 13
2415 16
2416 17
2417 16
2418 3
2419 14
2420 16
2421 16
2422 13
2423 16
2424 7
2425 7
2426 16
2427 10
2428 13
2429 16
2430 7
2431 17
2432 6
2433 16
2434 17
2435 16
2436 16
2437 16
2438 7
2439 16
2440 16
2441 6
2442 7
2443 16
2444 7
2445 16
2446 16
2447 16
2448 16
2449 14
2450 16
2451 16
2452 16
2453 16
2454 7
2455 1
2456 5
2457 16
2458 1
2459 16
2460 16
2461 16
2462 16
2463 7
2464 16
2465 16
2466 7
2467 1
2468 7
2469 16
2470 7
2471 16
2472 16
2473 16
2474 16
2475 16
2476 16
2477 16
2478 16
2479 16
2480 16
2481 16
2482 18
2483 16
2484 4
2485 7
2486 16
2487 7
2488 16
2489 16
2490 7
2491 3
2492 16
2493 16
2494 16
2495 16
2496 0
2497 16
2498 16
2499 16
2500 16
2501 7
2502 16
2503 16
2504 6
2505 16
2506 16
2507 16
2508 16
2509 16
2510 16
2511 16
2512 6
2513 7
2514 0
2515 16
2516 16
2517 0
2518 7
2519 16
2520 7
2521 16
2522 13
2523 16
2524 8
2525 16
2526 7
2527 16
2528 16
2529 16
2530 17
2531 7
2532 16
2533 16
2534 7
2535 16
2536 16
2537 16
2538 16
2539 16
2540 16
2541 14
2542 16
2543 14
2544 1
2545 16
2546 16
2547 16
2548 16
2549 0
2550 16
2551 1
2552 16
2553 7
2554 16
2555 7
2556 16
2557 7
2558 16
2559 16
2560 16
2561 5
2562 16
2563 16
2564 16
2565 7
2566 7
2567 16
2568 16
2569 16
2570 7
2571 16
2572 16
2573 1
2574 16
2575 16
2576 16
2577 16
2578 16
2579 7
2580 16
2581 16
2582 16
2583 6
2584 16
2585 4
2586 0
2587 4
2588 16
2589 16
2590 9
2591 2
2592 7
2593 16
2594 7
2595 16
2596 13
2597 7
2598 0
2599 16
2600 0
2601 4
2602 4
2603 16
2604 4
2605 16
2606 16
2607 16
2608 16
2609 13
2610 13
2611 16
2612 16
2613 16
2614 7
2615 16
2616 16
2617 14
2618 15
2619 16
2620 0
2621 0
2622 16
2623 7
2624 16
2625 16
2626 16
2627 16
2628 16
2629 9
2630 16
2631 16
2632 16
2633 16
2634 16
2635 0
2636 16
2637 16
2638 16
2639 16
2640 16
2641 3
2642 16
2643 13
2644 16
2645 7
2646 16
2647 3
2648 16
2649 16
2650 16
2651 16
2652 1
2653 13
2654 16
2655 16
2656 16
2657 16
2658 13
2659 16
2660 1
2661 16
2662 16
2663 16
2664 14
2665 7
2666 16
2667 16
2668 16
2669 7
2670 7
2671 15
2672 0
2673 16
2674 16
2675 13
2676 16
2677 16
2678 16
2679 2
2680 16
2681 16
2682 7
2683 13
2684 13
2685 16
2686 7
2687 7
2688 16
2689 16
2690 16
2691 16
2692 16
2693 7
2694 16
2695 16
2696 10
2697 16
2698 16
2699 16
2700 16
2701 13
2702 5
2703 16
2704 7
2705 16
2706 16
2707 4
2708 16
2709 16
2710 16
2711 16
2712 7
2713 16
2714 11
2715 16
2716 16
2717 0
2718 7
2719 16
2720 16
2721 11
2722 16
2723 16
2724 16
2725 0
2726 16
2727 16
2728 16
2729 7
2730 16
2731 16
2732 7
2733 16
2734 16
2735 16
2736 16
2737 16
2738 16
2739 16
2740 16
2741 2
2742 16
2743 16
2744 16
2745 13
2746 16
2747 16
2748 16
2749 7
2750 0
2751 16
2752 16
2753 7
2754 1
2755 0
2756 16
2757 7
2758 16
2759 1
2760 16
2761 16
2762 9
2763 16
2764 16
2765 16
2766 16
2767 16
2768 16
2769 16
2770 19
2771 16
2772 7
2773 7
2774 16
2775 1
2776 16
2777 16
2778 16
2779 16
2780 16
2781 16
2782 16
2783 16
2784 15
2785 16
2786 16
2787 15
2788 7
2789 16
2790 2
2791 16
2792 16
2793 16
2794 16
2795 1
2796 1
2797 16
2798 16
2799 16
2800 2
2801 1
2802 16
2803 16
2804 16
2805 16
2806 16
2807 16
2808 16
2809 16
2810 16
2811 16
2812 7
2813 16
2814 16
2815 16
2816 7
2817 13
2818 16
2819 16
2820 16
2821 0
2822 18
2823 1
2824 16
2825 16
2826 10
2827 7
2828 7
2829 16
2830 16
2831 16
2832 16
2833 16
2834 16
2835 3
2836 16
2837 16
2838 1
2839 7
2840 7
2841 16
2842 7
2843 16
2844 16
2845 16
2846 16
2847 1
2848 1
2849 16
2850 16
2851 16
2852 7
2853 16
2854 16
2855 16
2856 16
2857 16
2858 16
2859 16
2860 3
2861 16
2862 16
2863 16
2864 16
2865 0
2866 16
2867 16
2868 16
2869 1
2870 16
2871 2
2872 14
2873 5
2874 16
2875 6
2876 7
2877 16
2878 10
2879 7
2880 3
2881 7
2882 16
2883 16
2884 7
2885 13
2886 1
2887 0
2888 16
2889 1
2890 16
2891 16
2892 16
2893 16
2894 7
2895 16
2896 16
2897 7
2898 7
2899 6
2900 16
2901 16
2902 16
2903 16
2904 16
2905 16
2906 2
2907 16
2908 16
2909 7
2910 15
2911 16
2912 16
2913 16
2914 16
2915 16
2916 16
2917 16
2918 0
2919 16
2920 16
2921 0
2922 16
2923 2
2924 16
2925 0
2926 6
2927 16
2928 16
2929 16
2930 16
2931 17
2932 16
2933 16
2934 16
2935 16
2936 7
2937 6
2938 7
2939 16
2940 16
2941 16
2942 5
2943 13
2944 16
2945 7
2946 16
2947 7
2948 13
2949 0
2950 16
2951 17
2952 16
2953 16
2954 16
2955 13
2956 16
2957 16
2958 16
2959 16
2960 16
2961 16
2962 16
2963 0
2964 16
2965 16
2966 16
2967 0
2968 16
2969 0
2970 16
2971 15
2972 16
2973 16
2974 16
2975 16
2976 16
2977 16
2978 16
2979 16
2980 7
2981 7
2982 6
2983 13
2984 1
2985 16
2986 16
2987 7
2988 13
2989 16
2990 16
2991 16
2992 16
2993 16
2994 16
2995 16
2996 16
2997 16
2998 16
2999 16
3000 16
3001 16
3002 16
3003 0
3004 1
3005 16
3006 0
3007 16
3008 0
3009 7
3010 16
3011 16
3012 13
3013 16
3014 7
3015 13
3016 1
3017 16
3018 16
3019 17
3020 16
3021 16
3022 0
3023 16
3024 5
3025 1
3026 0
3027 16
3028 10
3029 13
3030 7
3031 16
3032 14
3033 7
3034 16
3035 16
3036 16
3037 16
3038 7
3039 13
3040 7
3041 16
3042 16
3043 16
3044 1
3045 0
3046 0
3047 13
3048 16
3049 16
3050 16
3051 16
3052 16
3053 7
3054 16
3055 16
3056 1
3057 1
3058 10
3059 16
3060 14
3061 16
3062 16
3063 16
3064 16
3065 16
3066 16
3067 0
3068 0
3069 4
3070 16
3071 16
3072 16
3073 16
3074 16
3075 16
3076 7
3077 16
3078 6
3079 16
3080 16
3081 16
3082 16
3083 16
3084 16
3085 6
3086 13
3087 16
3088 16
3089 16
3090 16
3091 16
3092 16
3093 19
3094 7
3095 16
3096 18
3097 15
3098 3
3099 16
3100 2
3101 16
3102 16
3103 0
3104 16
3105 16
3106 16
3107 2
3108 0
3109 16
3110 16
3111 18
3112 16
3113 16
3114 14
3115 1
3116 16
3117 0
3118 7
3119 0
3120 16
3121 16
3122 16
3123 16
3124 16
3125 7
3126 16
3127 16
3128 16
3129 0
3130 14
3131 1
3132 5
3133 16
3134 1
3135 0
3136 0
3137 0
3138 16
3139 16
3140 1
3141 16
3142 0
3143 16
3144 7
3145 0
3146 16
3147 16
3148 0
3149 4
3150 16
3151 18
3152 16
3153 16
3154 16
3155 16
3156 16
3157 16
3158 16
3159 0
3160 16
3161 16
3162 16
3163 16
3164 14
3165 13
3166 7
3167 16
3168 15
3169 16
3170 16
3171 16
3172 16
3173 16
3174 7
3175 16
3176 16
3177 16
3178 7
3179 13
3180 16
3181 7
3182 16
3183 16
3184 16
3185 16
3186 4
3187 16
3188 16
3189 16
3190 5
3191 13
3192 16
3193 2
3194 16
3195 16
3196 16
3197 16
3198 1
3199 16
3200 16
3201 13
3202 16
3203 16
3204 16
3205 7
3206 16
3207 16
3208 16
3209 16
3210 16
3211 7
3212 4
3213 16
3214 16
3215 7
3216 7
3217 16
3218 7
3219 7
3220 1
3221 16
3222 16
3223 18
3224 16
3225 16
3226 7
3227 16
3228 16
3229 7
3230 16
3231 16
3232 1
3233 16
3234 16
3235 16
3236 5
3237 13
3238 16
3239 7
3240 16
3241 7
3242 16
3243 16
3244 16
3245 16
3246 16
3247 16
3248 1
3249 16
3250 16
3251 7
3252 7
3253 16
3254 16
3255 16
3256 6
3257 16
3258 0
3259 6
3260 16
3261 16
3262 13
3263 0
3264 16
3265 16
3266 16
3267 5
3268 7
3269 16
3270 16
3271 7
3272 16
3273 7
3274 16
3275 16
3276 16
3277 3
3278 14
3279 16
3280 4
3281 1
3282 16
3283 16
3284 16
3285 16
3286 16
3287 16
3288 1
3289 7
3290 7
3291 6
3292 16
3293 7
3294 16
3295 7
3296 16
3297 14
3298 7
3299 16
3300 7
3301 16
3302 16
3303 16
3304 1
3305 16
3306 16
3307 16
3308 16
3309 16
3310 16
3311 16
3312 16
3313 16
3314 16
3315 16
3316 16
3317 16
3318 16
3319 7
3320 16
3321 16
3322 14
3323 16
3324 1
3325 16
3326 16
3327 16
3328 17
3329 16
3330 16
3331 7
3332 16
3333 14
3334 15
3335 16
3336 6
3337 16
3338 16
3339 16
3340 7
3341 7
3342 7
3343 16
3344 16
3345 1
3346 16
3347 16
3348 16
3349 7
3350 14
3351 16
3352 16
3353 0
3354 16
3355 15
3356 1
3357 2
3358 6
3359 2
3360 16
3361 2
3362 16
3363 6
3364 3
3365 7
3366 16
3367 16
3368 16
3369 8
3370 19
3371 7
3372 5
3373 16
3374 16
3375 16
3376 16
3377 16
3378 7
3379 16
3380 16
3381 16
3382 16
3383 16
3384 16
3385 16
3386 3
3387 16
3388 3
3389 16
3390 16
3391 0
3392 16
3393 16
3394 7
3395 16
3396 16
3397 3
3398 13
3399 16
3400 16
3401 15
3402 7
3403 7
3404 7
3405 7
3406 16
3407 16
3408 16
3409 7
3410 5
3411 16
3412 11
3413 7
3414 5
3415 16
3416 1
3417 16
3418 16
3419 16
3420 5
3421 13
3422 17
3423 16
3424 7
3425 7
3426 16
3427 16
3428 13
3429 16
3430 7
3431 16
3432 16
3433 16
3434 16
3435 16
3436 16
3437 7
3438 16
3439 16
3440 16
3441 7
3442 16
3443 0
3444 16
3445 16
3446 16
3447 16
3448 0
3449 8
3450 16
3451 16
3452 7
3453 16
3454 7
3455 0
3456 16
3457 7
3458 17
3459 16
3460 17
3461 8
3462 16
3463 16
3464 1
3465 7
3466 16
3467 16
3468 16
3469 16
3470 16
3471 16
3472 16
3473 1
3474 7
3475 7
3476 4
3477 16
3478 16
3479 16
3480 0
3481 16
3482 16
3483 7
3484 16
3485 0
3486 7
3487 16
3488 0
3489 16
3490 13
3491 16
3492 16
3493 0
3494 16
3495 16
3496 0
3497 2
3498 16
3499 1
3500 16
3501 16
3502 16
3503 7
3504 16
3505 1
3506 16
3507 16
3508 3
3509 2
3510 11
3511 5
3512 11
3513 7
3514 16
3515 16
3516 7
3517 4
3518 13
3519 7
3520 16
3521 16
3522 7
3523 3
3524 16
3525 7
3526 16
3527 7
3528 7
3529 12
3530 7
3531 16
3532 16
3533 3
3534 7
3535 7
3536 16
3537 16
3538 16
3539 6
3540 16
3541 16
3542 16
3543 16
3544 16
3545 16
3546 16
3547 16
3548 16
3549 13
3550 16
3551 16
3552 13
3553 16
3554 16
3555 16
3556 16
3557 2
3558 16
3559 7
3560 16
3561 16
3562 11
3563 16
3564 16
3565 7
3566 1
3567 6
3568 17
3569 16
3570 16
3571 1
3572 16
3573 16
3574 13
3575 7
3576 0
3577 16
3578 13
3579 16
3580 16
3581 16
3582 16
3583 1
3584 16
3585 16
3586 16
3587 16
3588 16
3589 2
3590 16
3591 1
3592 16
3593 7
3594 6
3595 16
3596 1
3597 0
3598 16
3599 8
3600 14
3601 0
3602 7
3603 16
3604 10
3605 16
3606 7
3607 16
3608 7
3609 16
3610 7
3611 16
3612 7
3613 16
3614 7
3615 16
3616 16
3617 0
3618 1
3619 16
3620 16
3621 1
3622 6
3623 16
3624 3
3625 16
3626 16
3627 7
3628 16
3629 16
3630 16
3631 1
3632 19
3633 8
3634 6
3635 16
3636 16
3637 16
3638 6
3639 16
3640 16
3641 1
3642 10
3643 16
3644 3
3645 16
3646 16
3647 16
3648 1
3649 1
3650 16
3651 1
3652 16
3653 6
3654 16
3655 16
3656 16
3657 16
3658 16
3659 1
3660 6
3661 0
3662 0
3663 16
3664 16
3665 16
3666 16
3667 16
3668 16
3669 16
3670 7
3671 16
3672 16
3673 7
3674 16
3675 16
3676 16
3677 16
3678 16
3679 16
3680 7
3681 16
3682 7
3683 1
3684 16
3685 7
3686 13
3687 16
3688 16
3689 16
3690 16
3691 16
3692 16
3693 16
3694 10
3695 16
3696 16
3697 1
3698 16
3699 16
3700 16
3701 16
3702 7
3703 1
3704 16
3705 16
3706 16
3707 14
3708 7
3709 16
3710 11
3711 7
3712 0
3713 13
3714 16
3715 16
3716 0
3717 7
3718 16
3719 13
3720 16
3721 16
3722 16
3723 16
3724 2
3725 16
3726 16
3727 16
3728 16
3729 16
3730 16
3731 16
3732 1
3733 1
3734 16
3735 16
3736 16
3737 16
3738 16
3739 16
3740 1
3741 16
3742 7
3743 0
3744 16
3745 0
3746 16
3747 1
3748 16
3749 2
3750 16
3751 7
3752 16
3753 16
3754 7
3755 1
3756 16
3757 16
3758 16
3759 16
3760 16
3761 16
3762 16
3763 1
3764 16
3765 16
3766 7
3767 2
3768 1
3769 16
3770 16
3771 7
3772 13
3773 7
3774 16
3775 16
3776 16
3777 7
3778 16
3779 3
3780 16
3781 5
3782 16
3783 16
3784 16
3785 16
3786 19
3787 16
3788 16
3789 16
3790 16
3791 17
3792 16
3793 16
3794 16
3795 16
3796 16
3797 16
3798 0
3799 16
3800 2
3801 16
3802 16
3803 16
3804 7
3805 0
3806 16
3807 12
3808 16
3809 16
3810 16
3811 16
3812 16
3813 6
3814 18
3815 16
3816 0
3817 16
3818 1
3819 16
3820 16
3821 12
3822 16
3823 16
3824 16
3825 16
3826 0
3827 16
3828 16
3829 16
3830 4
3831 16
3832 16
3833 16
3834 16
3835 13
3836 16
3837 16
3838 1
3839 16
3840 7
3841 16
3842 16
3843 0
3844 16
3845 16
3846 16
3847 7
3848 16
3849 16
3850 16
3851 1
3852 1
3853 16
3854 3
3855 1
3856 16
3857 16
3858 16
3859 16
3860 16
3861 14
3862 16
3863 16
3864 16
3865 16
3866 6
3867 16
3868 16
3869 7
3870 16
3871 16
3872 16
3873 1
3874 16
3875 13
3876 13
3877 7
3878 16
3879 0
3880 16
3881 13
3882 1
3883 16
3884 7
3885 1
3886 16
3887 16
3888 16
3889 16
3890 7
3891 16
3892 11
3893 13
3894 16
3895 16
3896 16
3897 0
3898 7
3899 16
3900 16
3901 5
3902 16
3903 16
3904 16
3905 16
3906 13
3907 16
3908 18
3909 16
3910 8
3911 16
3912 7
3913 13
3914 16
3915 7
3916 7
3917 7
3918 16
3919 16
3920 16
3921 16
3922 16
3923 16
3924 16
3925 16
3926 16
3927 16
3928 0
3929 16
3930 16
3931 1
3932 16
3933 16
3934 16
3935 7
3936 16
3937 16
3938 16
3939 13
3940 16
3941 7
3942 16
3943 7
3944 16
3945 16
3946 12
3947 7
3948 1
3949 16
3950 16
3951 16
3952 2
3953 7
3954 16
3955 16
3956 10
3957 13
3958 1
3959 10
3960 14
3961 1
3962 6
3963 7
3964 16
3965 13
3966 7
3967 7
3968 16
3969 16
3970 16
3971 16
3972 16
3973 16
3974 16
3975 13
3976 16
3977 16
3978 16
3979 16
3980 16
3981 16
3982 16
3983 16
3984 7
3985 16
3986 16
3987 16
3988 16
3989 16
3990 1
3991 16
3992 16
3993 1
3994 4
3995 16
3996 7
3997 16
3998 16
3999 16
4000 16
4001 7
4002 16
4003 17
4004 16
4005 10
4006 10
4007 16
4008 16
4009 16
4010 16
4011 16
4012 16
4013 16
4014 1
4015 7
4016 0
4017 16
4018 16
4019 16
4020 1
4021 16
4022 16
4023 10
4024 16
4025 16
4026 14
4027 16
4028 5
4029 16
4030 1
4031 16
4032 13
4033 1
4034 16
4035 16
4036 12
4037 13
4038 3
4039 16
4040 13
4041 16
4042 13
4043 0
4044 11
4045 7
4046 7
4047 16
4048 7
4049 16
4050 16
4051 16
4052 13
4053 16
4054 7
4055 13
4056 5
4057 16
4058 16
4059 7
4060 16
4061 16
4062 0
4063 16
4064 16
4065 16
4066 16
4067 16
4068 16
4069 7
4070 6
4071 13
4072 16
4073 16
4074 5
4075 16
4076 16
4077 16
4078 2
4079 16
4080 16
4081 16
4082 1
4083 16
4084 16
4085 5
4086 16
4087 7
4088 16
4089 13
4090 16
4091 7
4092 16
4093 16
4094 1
4095 16
4096 16
4097 16
4098 16
4099 13
4100 16
4101 14
4102 7
4103 7
4104 1
4105 4
4106 0
4107 16
4108 16
4109 16
4110 1
4111 13
4112 0
4113 16
4114 13
4115 14
4116 0
4117 16
4118 13
4119 16
4120 16
4121 16
4122 16
4123 16
4124 16
4125 16
4126 1
4127 0
4128 16
4129 1
4130 1
4131 16
4132 16
4133 7
4134 0
4135 15
4136 1
4137 16
4138 6
4139 14
4140 16
4141 16
4142 7
4143 16
4144 16
4145 16
4146 16
4147 16
4148 16
4149 16
4150 16
4151 16
4152 16
4153 13
4154 16
4155 16
4156 7
4157 0
4158 1
4159 0
4160 16
4161 16
4162 16
4163 0
4164 1
4165 7
4166 16
4167 7
4168 7
4169 16
4170 16
4171 16
4172 16
4173 7
4174 3
4175 16
4176 16
4177 0
4178 16
4179 16
4180 16
4181 16
4182 16
4183 16
4184 16
4185 16
4186 16
4187 16
4188 7
4189 16
4190 7
4191 16
4192 7
4193 16
4194 16
4195 1
4196 16
4197 7
4198 16
4199 4
4200 15
4201 16
4202 16
4203 7
4204 1
4205 16
4206 1
4207 0
4208 1
4209 16
4210 16
4211 7
4212 16
4213 16
4214 16
4215 12
4216 16
4217 16
4218 7
4219 16
4220 16
4221 1
4222 16
4223 16
4224 16
4225 16
4226 6
4227 16
4228 0
4229 16
4230 7
4231 17
4232 16
4233 16
4234 16
4235 16
4236 16
4237 16
4238 16
4239 13
4240 13
4241 4
4242 7
4243 16
4244 16
4245 16
4246 16
4247 0
4248 1
4249 16
4250 16
4251 16
4252 16
4253 16
4254 16
4255 7
4256 16
4257 16
4258 16
4259 16
4260 1
4261 0
4262 16
4263 14
4264 16
4265 0
4266 1
4267 16
4268 0
4269 16
4270 16
4271 16
4272 16
4273 16
4274 16
4275 16
4276 16
4277 1
4278 16
4279 16
4280 0
4281 7
4282 16
4283 12
4284 16
4285 16
4286 16
4287 16
4288 13
4289 7
4290 16
4291 16
4292 7
4293 1
4294 16
4295 16
4296 7
4297 7
4298 16
4299 7
4300 1
4301 1
4302 16
4303 16
4304 16
4305 0
4306 16
4307 16
4308 0
4309 3
4310 1
4311 14
4312 1
4313 16
4314 0
4315 7
4316 16
4317 16
4318 1
4319 16
4320 16
4321 1
4322 0
4323 4
4324 16
4325 16
4326 16
4327 0
4328 7
4329 7
4330 0
4331 7
4332 7
4333 16
4334 0
4335 16
4336 16
4337 16
4338 7
4339 16
4340 16
4341 7
4342 0
4343 16
4344 16
4345 16
4346 16
4347 16
4348 16
4349 6
4350 16
4351 16
4352 16
4353 16
4354 16
4355 7
4356 16
4357 16
4358 16
4359 16
4360 1
4361 7
4362 12
4363 1
4364 16
4365 7
4366 16
4367 16
4368 16
4369 16
4370 16
4371 16
4372 16
4373 5
4374 16
4375 16
4376 16
4377 7
4378 13
4379 0
4380 16
4381 16
4382 7
4383 1
4384 16
4385 16
4386 0
4387 16
4388 17
4389 16
4390 16
4391 16
4392 16
4393 7
4394 16
4395 16
4396 16
4397 16
4398 16
4399 16
4400 13
4401 1
4402 16
4403 16
4404 7
4405 16
4406 7
4407 7
4408 16
4409 16
4410 16
4411 2
4412 16
4413 16
4414 7
4415 16
4416 16
4417 7
4418 16
4419 0
4420 16
4421 1
4422 2
4423 16
4424 16
4425 0
4426 16
4427 1
4428 1
4429 13
4430 16
4431 1
4432 16
4433 16
4434 17
4435 16
4436 16
4437 17
4438 0
4439 1
4440 16
4441 7
4442 16
4443 16
4444 16
4445 16
4446 16
4447 16
4448 12
4449 16
4450 16
4451 7
4452 16
4453 7
4454 6
4455 16
4456 16
4457 16
4458 16
4459 7
4460 16
4461 16
4462 7
4463 16
4464 16
4465 16
4466 16
4467 16
4468 0
4469 16
4470 16
4471 7
4472 16
4473 13
4474 0
4475 16
4476 16
4477 16
4478 13
4479 16
4480 0
4481 7
4482 1
4483 16
4484 16
4485 0
4486 16
4487 6
4488 16
4489 0
4490 0
4491 16
4492 16
4493 16
4494 1
4495 16
4496 16
4497 3
4498 0
4499 16
4500 16
4501 16
4502 16
4503 15
4504 16
4505 0
4506 16
4507 18
4508 13
4509 13
4510 16
4511 16
4512 16
4513 1
4514 16
4515 16
4516 16
4517 15
4518 16
4519 16
4520 10
4521 13
4522 7
4523 16
4524 7
4525 16
4526 16
4527 16
4528 0
4529 16
4530 10
4531 2
4532 16
4533 16
4534 16
4535 1
4536 16
4537 16
4538 7
4539 16
4540 16
4541 18
4542 16
4543 16
4544 0
4545 16
4546 16
4547 7
4548 0
4549 7
4550 16
4551 16
4552 13
4553 16
4554 16
4555 16
4556 0
4557 7
4558 1
4559 16
4560 16
4561 16
4562 16
4563 16
4564 16
4565 10
4566 7
4567 14
4568 7
4569 1
4570 16
4571 16
4572 16
4573 16
4574 16
4575 3
4576 16
4577 0
4578 16
4579 9
4580 16
4581 16
4582 7
4583 16
4584 16
4585 16
4586 16
4587 16
4588 0
4589 16
4590 7
4591 13
4592 7
4593 16
4594 7
4595 16
4596 7
4597 7
4598 16
4599 16
4600 17
4601 16
4602 16
4603 10
4604 16
4605 7
4606 16
4607 16
4608 16
4609 1
4610 0
4611 7
4612 16
4613 7
4614 16
4615 16
4616 16
4617 7
4618 16
4619 16
4620 16
4621 16
4622 13
4623 16
4624 16
4625 16
4626 17
4627 16
4628 16
4629 0
4630 16
4631 16
4632 16
4633 7
4634 13
4635 13
4636 0
4637 16
4638 16
4639 16
4640 16
4641 13
4642 16
4643 16
4644 1
4645 16
4646 16
4647 16
4648 16
4649 16
4650 16
4651 1
4652 7
4653 16
4654 16
4655 13
4656 1
4657 7
4658 16
4659 16
4660 0
4661 16
4662 16
4663 16
4664 0
4665 16
4666 1
4667 14
4668 16
4669 16
4670 17
4671 16
4672 0
4673 16
4674 16
4675 1
4676 1
4677 16
4678 16
4679 7
4680 16
4681 16
4682 14
4683 16
4684 16
4685 14
4686 3
4687 16
4688 16
4689 14
4690 15
4691 7
4692 13
4693 16
4694 13
4695 6
4696 1
4697 0
4698 16
4699 16
4700 16
4701 0
4702 13
4703 16
4704 16
4705 13
4706 7
4707 16
4708 16
4709 3
4710 16
4711 7
4712 16
4713 16
4714 16
4715 16
4716 16
4717 16
4718 10
4719 16
4720 16
4721 16
4722 16
4723 16
4724 0
4725 16
4726 16
4727 16
4728 13
4729 16
4730 16
4731 13
4732 16
4733 16
4734 7
4735 19
4736 16
4737 16
4738 16
4739 16
4740 13
4741 16
4742 16
4743 16
4744 1
4745 0
4746 1
4747 16
4748 16
4749 16
4750 17
4751 16
4752 13
4753 16
4754 16
4755 16
4756 16
4757 1
4758 7
4759 16
4760 16
4761 16
4762 7
4763 7
4764 1
4765 1
4766 16
4767 10
4768 16
4769 13
4770 7
4771 16
4772 7
4773 12
4774 16
4775 16
4776 7
4777 16
4778 1
4779 1
4780 16
4781 16
4782 16
4783 0
4784 3
4785 16
4786 16
4787 9
4788 16
4789 16
4790 1
4791 13
4792 16
4793 16
4794 16
4795 16
4796 16
4797 16
4798 16
4799 1
4800 1
4801 7
4802 7
4803 16
4804 19
4805 1
4806 16
4807 1
4808 16
4809 18
4810 16
4811 16
4812 7
4813 16
4814 16
4815 9
4816 7
4817 16
4818 1
4819 13
4820 16
4821 16
4822 11
4823 7
4824 7
4825 16
4826 1
4827 16
4828 17
4829 16
4830 18
4831 0
4832 1
4833 1
4834 8
4835 5
4836 10
4837 10
4838 16
4839 14
4840 16
4841 13
4842 1
4843 16
4844 1
4845 16
4846 13
4847 16
4848 16
4849 16
4850 16
4851 16
4852 13
4853 0
4854 16
4855 16
4856 16
4857 1
4858 16
4859 16
4860 16
4861 1
4862 16
4863 1
4864 16
4865 1
4866 16
4867 7
4868 16
4869 16
4870 16
4871 16
4872 16
4873 16
4874 16
4875 10
4876 16
4877 1
4878 16
4879 17
4880 2
4881 16
4882 16
4883 16
4884 13
4885 16
4886 0
4887 0
4888 0
4889 1
4890 13
4891 16
4892 7
4893 16
4894 14
4895 2
4896 16
4897 6
4898 16
4899 16
4900 16
4901 16
4902 16
4903 11
4904 6
4905 1
4906 1
4907 0
4908 14
4909 16
4910 16
4911 16
4912 0
4913 0
4914 0
4915 0
4916 16
4917 1
4918 1
4919 15
4920 16
4921 7
4922 16
4923 7
4924 16
4925 16
4926 16
4927 16
4928 16
4929 16
4930 16
4931 16
4932 15
4933 16
4934 1
4935 16
4936 16
4937 7
4938 7
4939 18
4940 1
4941 16
4942 1
4943 7
4944 16
4945 16
4946 16
4947 16
4948 7
4949 16
4950 0
4951 7
4952 16
4953 16
4954 16
4955 16
4956 1
4957 16
4958 16
4959 16
4960 7
4961 15
4962 16
4963 16
4964 16
4965 16
4966 16
4967 16
4968 7
4969 16
4970 13
4971 1
4972 16
4973 19
4974 16
4975 1
4976 16
4977 0
4978 0
4979 7
4980 16
4981 10
4982 16
4983 13
4984 16
4985 7
4986 16
4987 5
4988 13
4989 16
4990 16
4991 16
4992 16
4993 16
4994 16
4995 16
4996 7
4997 0
4998 7
4999 16
5000 16
5001 0
5002 7
5003 13
5004 16
5005 2
5006 16
5007 16
5008 16
5009 16
5010 13
5011 16
5012 13
5013 16
5014 16
5015 16
5016 16
5017 16
5018 18
5019 16
5020 10
5021 7
5022 1
5023 16
5024 1
5025 16
5026 16
5027 16
5028 7
5029 1
5030 7
5031 1
5032 16
5033 15
5034 1
5035 16
5036 0
5037 16
5038 0
5039 1
5040 16
5041 16
5042 16
5043 16
5044 16
5045 13
5046 0
5047 19
5048 10
5049 7
5050 7
5051 1
5052 1
5053 10
5054 16
5055 0
5056 16
5057 16
5058 0
5059 16
5060 1
5061 16
5062 6
5063 16
5064 16
5065 16
5066 1
5067 16
5068 16
5069 16
5070 16
5071 16
5072 15
5073 16
5074 0
5075 13
5076 16
5077 16
5078 13
5079 13
5080 16
5081 16
5082 16
5083 16
5084 16
5085 16
5086 6
5087 0
5088 9
5089 19
5090 16
5091 10
5092 16
5093 16
5094 7
5095 16
5096 16
5097 7
5098 16
5099 16
5100 16
5101 7
5102 16
5103 16
5104 16
5105 3
5106 16
5107 10
5108 16
5109 16
5110 16
5111 1
5112 1
5113 16
5114 4
5115 16
5116 16
5117 0
5118 1
5119 1
5120 16
5121 16
5122 7
5123 16
5124 16
5125 0
5126 16
5127 1
5128 16
5129 16
5130 16
5131 16
5132 13
5133 16
5134 7
5135 7
5136 7
5137 7
5138 16
5139 5
5140 16
5141 16
5142 7
5143 6
5144 13
5145 0
5146 16
5147 16
5148 16
5149 13
5150 16
5151 16
5152 16
5153 7
5154 7
5155 16
5156 0
5157 16
5158 16
5159 7
5160 16
5161 16
5162 16
5163 16
5164 16
5165 16
5166 16
5167 16
5168 1
5169 16
5170 0
5171 16
5172 16
5173 7
5174 16
5175 16
5176 16
5177 16
5178 16
5179 16
5180 7
5181 16
5182 16
5183 7
5184 16
5185 19
5186 16
5187 7
5188 16
5189 16
5190 16
5191 16
5192 16
5193 16
5194 7
5195 11
5196 16
5197 0
5198 0
5199 16
5200 16
5201 16
5202 0
5203 16
5204 16
5205 16
5206 16
5207 16
5208 16
5209 16
5210 16
5211 8
5212 7
5213 0
5214 16
5215 16
5216 16
5217 16
5218 16
5219 16
5220 16
5221 16
5222 16
5223 16
5224 16
5225 2
5226 16
5227 5
5228 1
5229 16
5230 13
5231 7
5232 1
5233 16
5234 16
5235 16
5236 16
5237 0
5238 7
5239 0
5240 16
5241 16
5242 16
5243 16
5244 16
5245 15
5246 0
5247 15
5248 16
5249 16
5250 16
5251 15
5252 16
5253 0
5254 16
5255 16
5256 7
5257 16
5258 2
5259 18
5260 16
5261 7
5262 16
5263 0
5264 16
5265 8
5266 16
5267 16
5268 16
5269 16
5270 8
5271 1
5272 1
5273 10
5274 0
5275 1
5276 16
5277 16
5278 16
5279 7
5280 7
5281 0
5282 1
5283 16
5284 7
5285 16
5286 16
5287 16
5288 16
5289 7
5290 16
5291 16
5292 0
5293 1
5294 16
5295 16
5296 19
5297 16
5298 7
5299 16
5300 16
5301 5
5302 7
5303 16
5304 16
5305 16
5306 16
5307 16
5308 16
5309 16
5310 16
5311 16
5312 16
5313 16
5314 7
5315 7
5316 16
5317 16
5318 16
5319 7
5320 7
5321 16
5322 16
5323 16
5324 7
5325 19
5326 16
5327 7
5328 16
5329 16
5330 16
5331 16
5332 16
5333 16
5334 16
5335 7
5336 16
5337 16
5338 13
5339 0
5340 16
5341 7
5342 14
5343 7
5344 16
5345 16
5346 16
5347 6
5348 16
5349 7
5350 1
5351 3
5352 16
5353 16
5354 14
5355 16
5356 9
5357 7
5358 7
5359 1
5360 7
5361 10
5362 8
5363 16
5364 1
5365 16
5366 1
5367 16
5368 13
5369 16
5370 16
5371 11
5372 16
5373 14
5374 16
5375 7
5376 16
5377 16
5378 16
5379 16
5380 16
5381 16
5382 1
5383 16
5384 16
5385 16
5386 16
5387 16
5388 16
5389 7
5390 19
5391 16
5392 16
5393 7
5394 16
5395 16
5396 16
5397 16
5398 16
5399 16
5400 1
5401 16
5402 16
5403 16
5404 16
5405 16
5406 16
5407 3
5408 1
5409 16
5410 1
5411 7
5412 16
5413 15
5414 16
5415 7
5416 16
5417 7
5418 7
5419 16
5420 16
5421 16
5422 11
5423 7
5424 7
5425 16
5426 16
5427 16
5428 16
5429 16
5430 0
5431 1
5432 16
5433 7
5434 0
5435 16
5436 16
5437 16
5438 16
5439 16
5440 16
5441 0
5442 16
5443 16
5444 5
5445 16
5446 16
5447 16
5448 16
5449 16
5450 16
5451 16
5452 16
5453 1
5454 16
5455 16
5456 16
5457 16
5458 16
5459 8
5460 16
5461 16
5462 16
5463 16
5464 16
5465 2
5466 1
5467 16
5468 8
5469 16
5470 16
5471 17
5472 16
5473 16
5474 7
5475 16
5476 16
5477 16
5478 16
5479 16
5480 13
5481 16
5482 7
5483 16
5484 16
5485 16
5486 13
5487 3
5488 7
5489 16
5490 16
5491 16
5492 16
5493 1
5494 16
5495 16
5496 16
5497 16
5498 16
5499 16
5500 0
5501 15
5502 16
5503 16
5504 16
5505 16
5506 7
5507 11
5508 16
5509 3
5510 16
5511 16
5512 16
5513 16
5514 17
5515 16
5516 16
5517 16
5518 16
5519 16
5520 2
5521 17
5522 16
5523 16
5524 16
5525 7
5526 7
5527 0
5528 1
5529 7
5530 16
5531 16
5532 2
5533 16
5534 16
5535 7
5536 7
5537 16
5538 0
5539 16
5540 16
5541 16
5542 16
5543 16
5544 16
5545 13
5546 16
5547 13
5548 16
5549 11
5550 7
5551 16
5552 16
5553 16
5554 13
5555 16
5556 16
5557 16
5558 16
5559 16
5560 16
5561 16
5562 16
5563 16
5564 16
5565 8
5566 13
5567 16
5568 16
5569 8
5570 16
5571 16
5572 16
5573 7
5574 16
5575 16
5576 16
5577 7
5578 7
5579 16
5580 16
5581 7
5582 16
5583 7
5584 16
5585 7
5586 1
5587 16
5588 16
5589 16
5590 7
5591 7
5592 1
5593 16
5594 16
5595 17
5596 16
5597 17
5598 16
5599 12
5600 16
5601 16
5602 13
5603 16
5604 0
5605 16
5606 16
5607 16
5608 1
5609 16
5610 3
5611 16
5612 16
5613 0
5614 16
5615 7
5616 10
5617 16
5618 14
5619 1
5620 16
5621 1
5622 16
5623 16
5624 7
5625 16
5626 7
5627 16
5628 16
5629 7
5630 16
5631 16
5632 16
5633 0
5634 0
5635 16
5636 16
5637 1
5638 16
5639 16
5640 16
5641 16
5642 13
5643 16
5644 16
5645 16
5646 16
5647 16
5648 16
5649 4
5650 1
5651 13
5652 16
5653 16
5654 16
5655 16
5656 16
5657 7
5658 16
5659 16
5660 16
5661 0
5662 16
5663 16
5664 7
5665 13
5666 16
5667 16
5668 16
5669 16
5670 16
5671 11
5672 16
5673 7
5674 16
5675 16
5676 16
5677 1
5678 16
5679 16
5680 16
5681 16
5682 11
5683 7
5684 7
5685 0
5686 16
5687 16
5688 16
5689 10
5690 0
5691 3
5692 16
5693 1
5694 16
5695 16
5696 16
5697 16
5698 6
5699 16
5700 16
5701 0
5702 7
5703 16
5704 16
5705 6
5706 0
5707 11
5708 16
5709 7
5710 13
5711 16
5712 17
5713 16
5714 16
5715 16
5716 13
5717 16
5718 16
5719 16
5720 16
5721 13
5722 16
5723 2
5724 16
5725 1
5726 16
5727 16
5728 16
5729 0
5730 16
5731 7
5732 13
5733 16
5734 16
5735 1
5736 16
5737 16
5738 7
5739 13
5740 0
5741 3
5742 16
5743 16
5744 16
5745 16
5746 16
5747 1
5748 13
5749 16
5750 15
5751 1
5752 16
5753 16
5754 10
5755 16
5756 0
5757 16
5758 16
5759 1
5760 7
5761 16
5762 16
5763 16
5764 13
5765 16
5766 16
5767 0
5768 16
5769 16
5770 16
5771 16
5772 16
5773 16
5774 16
5775 16
5776 16
5777 4
5778 16
5779 16
5780 16
5781 6
5782 16
5783 6
5784 16
5785 1
5786 7
5787 7
5788 16
5789 1
5790 0
5791 7
5792 16
5793 0
5794 11
5795 1
5796 16
5797 1
5798 16
5799 16
5800 17
5801 16
5802 16
5803 1
5804 16
5805 1
5806 16
5807 1
5808 16
5809 16
5810 16
5811 16
5812 14
5813 7
5814 5
5815 16
5816 16
5817 7
5818 1
5819 10
5820 1
5821 16
5822 16
5823 0
5824 16
5825 16
5826 16
5827 16
5828 16
5829 7
5830 16
5831 16
5832 10
5833 16
5834 16
5835 16
5836 1
5837 16
5838 16
5839 16
5840 16
5841 1
5842 16
5843 7
5844 16
5845 1
5846 16
5847 7
5848 16
5849 6
5850 16
5851 16
5852 1
5853 16
5854 7
5855 16
5856 0
5857 7
5858 16
5859 1
5860 1
5861 1
5862 16
5863 16
5864 1
5865 7
5866 9
5867 6
5868 7
5869 16
5870 16
5871 16
5872 3
5873 16
5874 1
5875 7
5876 16
5877 16
5878 16
5879 16
5880 16
5881 16
5882 16
5883 16
5884 16
5885 16
5886 13
5887 1
5888 3
5889 16
5890 7
5891 13
5892 16
5893 16
5894 16
5895 16
5896 1
5897 1
5898 16
5899 16
5900 16
5901 16
5902 14
5903 16
5904 16
5905 16
5906 7
5907 7
5908 16
5909 13
5910 16
5911 4
5912 16
5913 1
5914 16
5915 16
5916 16
5917 16
5918 16
5919 16
5920 1
5921 8
5922 16
5923 16
5924 13
5925 16
5926 16
5927 16
5928 16
5929 16
5930 16
5931 16
5932 7
5933 1
5934 16
5935 7
5936 16
5937 1
5938 1
5939 1
5940 16
5941 16
5942 16
5943 16
5944 1
5945 7
5946 16
5947 16
5948 16
5949 16
5950 16
5951 16
5952 9
5953 16
5954 16
5955 16
5956 1
5957 16
5958 7
5959 16
5960 16
5961 16
5962 10
5963 5
5964 16
5965 3
5966 16
5967 1
5968 13
5969 7
5970 7
5971 16
5972 16
5973 1
5974 16
5975 16
5976 16
5977 16
5978 0
5979 14
5980 16
5981 16
5982 16
5983 0
5984 16
5985 16
5986 7
5987 16
5988 16
5989 5
5990 3
5991 16
5992 7
5993 1
5994 14
5995 7
5996 7
5997 16
5998 1
5999 0
6000 16
6001 13
6002 16
6003 16
6004 7
6005 1
6006 16
6007 7
6008 16
6009 16
6010 16
6011 16
6012 16
6013 13
6014 0
6015 8
6016 16
6017 7
6018 16
6019 16
6020 16
6021 16
6022 16
6023 16
6024 16
6025 1
6026 7
6027 16
6028 16
6029 4
6030 16
6031 12
6032 13
6033 13
6034 16
6035 16
6036 6
6037 16
6038 1
6039 13
6040 16
6041 16
6042 16
6043 16
6044 10
6045 0
6046 2
6047 16
6048 16
6049 6
6050 0
6051 16
6052 16
6053 13
6054 1
6055 7
6056 16
6057 16
6058 17
6059 12
6060 16
6061 3
6062 7
6063 16
6064 5
6065 5
6066 16
6067 7
6068 7
6069 16
6070 16
6071 10
6072 16
6073 16
6074 16
6075 16
6076 16
6077 1
6078 16
6079 16
6080 8
6081 19
6082 0
6083 13
6084 0
6085 16
6086 16
6087 7
6088 7
6089 10
6090 1
6091 1
6092 13
6093 16
6094 16
6095 16
6096 13
6097 0
6098 0
6099 16
6100 16
6101 2
6102 13
6103 16
6104 14
6105 16
6106 7
6107 18
6108 16
6109 16
6110 16
6111 19
6112 16
6113 16
6114 16
6115 7
6116 16
6117 16
6118 5
6119 6
6120 16
6121 16
6122 7
6123 16
6124 15
6125 1
6126 7
6127 16
6128 16
6129 16
6130 16
6131 16
6132 16
6133 16
6134 16
6135 8
6136 16
6137 16
6138 16
6139 13
6140 13
6141 10
6142 16
6143 16
6144 16
6145 16
6146 16
6147 16
6148 16
6149 16
6150 1
6151 16
6152 16
6153 16
6154 16
6155 7
6156 16
6157 16
6158 1
6159 16
6160 16
6161 1
6162 16
6163 16
6164 16
6165 7
6166 16
6167 16
6168 16
6169 16
6170 13
6171 16
6172 16
6173 13
6174 16
6175 16
6176 16
6177 16
6178 16
6179 16
6180 16
6181 16
6182 16
6183 7
6184 16
6185 16
6186 16
6187 16
6188 16
6189 1
6190 16
6191 16
6192 7
6193 16
6194 16
6195 16
6196 13
6197 16
6198 16
6199 16
6200 10
6201 16
6202 7
6203 1
6204 7
6205 16
6206 1
6207 16
6208 16
6209 1
6210 16
6211 16
6212 7
6213 16
6214 7
6215 16
6216 16
6217 16
6218 16
6219 7
6220 16
6221 16
6222 7
6223 16
6224 16
6225 16
6226 16
6227 16
6228 16
6229 16
6230 16
6231 16
6232 16
6233 1
6234 8
6235 7
6236 7
6237 16
6238 16
6239 16
6240 16
6241 10
6242 16
6243 1
6244 10
6245 1
6246 16
6247 6
6248 1
6249 13
6250 7
6251 16
6252 16
6253 16
6254 1
6255 7
6256 16
6257 16
6258 16
6259 0
6260 16
6261 16
6262 16
6263 7
6264 16
6265 16
6266 14
6267 5
6268 19
6269 7
6270 16
6271 16
6272 7
6273 16
6274 0
6275 7
6276 16
6277 16
6278 13
6279 7
6280 7
6281 5
6282 16
6283 6
6284 0
6285 16
6286 7
6287 7
6288 1
6289 16
6290 7
6291 16
6292 16
6293 13
6294 0
6295 16
6296 16
6297 16
6298 16
6299 16
6300 8
6301 16
6302 16
6303 16
6304 15
6305 16
6306 16
6307 16
6308 7
6309 7
6310 16
6311 16
6312 16
6313 16
6314 16
6315 1
6316 10
6317 7
6318 0
6319 16
6320 14
6321 7
6322 1
6323 16
6324 1
6325 16
6326 7
6327 1
6328 16
6329 16
6330 1
6331 16
6332 0
6333 16
6334 16
6335 1
6336 7
6337 16
6338 4
6339 16
6340 16
6341 16
6342 0
6343 16
6344 13
6345 16
6346 16
6347 16
6348 16
6349 13
6350 16
6351 7
6352 14
6353 16
6354 13
6355 16
6356 1
6357 16
6358 1
6359 0
6360 14
6361 1
6362 1
6363 16
6364 16
6365 7
6366 16
6367 7
6368 16
6369 16
6370 16
6371 16
6372 16
6373 16
6374 16
6375 16
6376 16
6377 16
6378 0
6379 14
6380 16
6381 13
6382 16
6383 6
6384 16
6385 16
6386 7
6387 16
6388 16
6389 16
6390 13
6391 16
6392 16
6393 2
6394 6
6395 16
6396 16
6397 5
6398 16
6399 16
6400 16
6401 16
6402 16
6403 7
6404 16
6405 7
6406 16
6407 1
6408 14
6409 16
6410 13
6411 4
6412 16
6413 16
6414 1
6415 16
6416 16
6417 16
6418 16
6419 16
6420 16
6421 7
6422 16
6423 16
6424 7
6425 0
6426 16
6427 8
6428 16
6429 16
6430 16
6431 16
6432 1
6433 16
6434 16
6435 16
6436 16
6437 16
6438 1
6439 16
6440 16
6441 14
6442 16
6443 16
6444 16
6445 1
6446 16
6447 16
6448 19
6449 16
6450 1
6451 7
6452 7
6453 17
6454 16
6455 16
6456 7
6457 7
6458 1
6459 4
6460 4
6461 7
6462 10
6463 16
6464 16
6465 0
6466 16
6467 16
6468 10
6469 10
6470 16
6471 16
6472 13
6473 16
6474 1
6475 2
6476 16
6477 1
6478 13
6479 7
6480 16
6481 7
6482 1
6483 16
6484 16
6485 1
6486 14
6487 16
6488 8
6489 16
6490 1
6491 6
6492 16
6493 16
6494 7
6495 16
6496 1
6497 7
6498 16
6499 16
6500 19
6501 2
6502 16
6503 16
6504 15
6505 16
6506 16
6507 1
6508 7
6509 16
6510 5
6511 16
6512 13
6513 16
6514 0
6515 19
6516 7
6517 16
6518 7
6519 13
6520 16
6521 16
6522 7
6523 16
6524 16
6525 16
6526 16
6527 16
6528 16
6529 7
6530 17
6531 16
6532 16
6533 16
6534 16
6535 16
6536 4
6537 7
6538 16
6539 0
6540 16
6541 16
6542 16
6543 0
6544 16
6545 1
6546 16
6547 16
6548 7
6549 7
6550 1
6551 16
6552 7
6553 16
6554 16
6555 16
6556 13
6557 16
6558 16
6559 16
6560 16
6561 7
6562 1
6563 16
6564 16
6565 16
6566 16
6567 16
6568 16
6569 16
6570 16
6571 16
6572 7
6573 16
6574 7
6575 13
6576 2
6577 16
6578 5
6579 15
6580 1
6581 16
6582 16
6583 16
6584 16
6585 16
6586 13
6587 16
6588 16
6589 16
6590 16
6591 16
6592 16
6593 7
6594 0
6595 16
6596 16
6597 1
6598 16
6599 16
6600 19
6601 7
6602 16
6603 7
6604 1
6605 0
6606 7
6607 16
6608 2
6609 7
6610 0
6611 16
6612 16
6613 7
6614 7
6615 16
6616 7
6617 16
6618 13
6619 13
6620 7
6621 16
6622 16
6623 7
6624 16
6625 16
6626 13
6627 16
6628 16
6629 16
6630 16
6631 16
6632 16
6633 0
6634 16
6635 16
6636 16
6637 16
6638 16
6639 16
6640 16
6641 7
6642 13
6643 16
6644 17
6645 16
6646 16
6647 16
6648 16
6649 16
6650 16
6651 16
6652 7
6653 16
6654 16
6655 16
6656 7
6657 13
6658 16
6659 16
6660 16
6661 0
6662 16
6663 16
6664 16
6665 16
6666 16
6667 9
6668 7
6669 18
6670 16
6671 8
6672 7
6673 16
6674 16
6675 19
6676 16
6677 16
6678 5
6679 7
6680 16
6681 6
6682 13
6683 16
6684 7
6685 7
6686 16
6687 7
6688 16
6689 10
6690 7
6691 16
6692 16
6693 16
6694 16
6695 16
6696 16
6697 16
6698 8
6699 0
6700 16
6701 14
6702 16
6703 7
6704 16
6705 16
6706 16
6707 16
6708 0
6709 16
6710 16
6711 5
6712 13
6713 16
6714 16
6715 7
6716 7
6717 7
6718 16
6719 0
6720 7
6721 16
6722 17
6723 6
6724 7
6725 0
6726 16
6727 16
6728 16
6729 16
6730 7
6731 16
6732 19
6733 16
6734 7
6735 16
6736 0
6737 16
6738 16
6739 10
6740 16
6741 6
6742 7
6743 15
6744 16
6745 16
6746 15
6747 16
6748 16
6749 7
6750 6
6751 16
6752 7
6753 16
6754 16
6755 0
6756 16
6757 7
6758 5
6759 16
6760 0
6761 10
6762 16
6763 16
6764 9
6765 16
6766 0
6767 16
6768 13
6769 16
6770 7
6771 4
6772 16
6773 16
6774 16
6775 16
6776 7
6777 16
6778 7
6779 16
6780 16
6781 16
6782 16
6783 16
6784 16
6785 16
6786 1
6787 16
6788 16
6789 16
6790 16
6791 16
6792 16
6793 16
6794 16
6795 2
6796 16
6797 19
6798 16
6799 13
6800 1
6801 16
6802 16
6803 9
6804 0
6805 16
6806 16
6807 16
6808 16
6809 0
6810 16
6811 16
6812 16
6813 7
6814 16
6815 16
6816 16
6817 16
6818 16
6819 16
6820 16
6821 7
6822 16
6823 16
6824 16
6825 17
6826 16
6827 16
6828 16
6829 16
6830 0
6831 16
6832 4
6833 16
6834 1
6835 16
6836 16
6837 16
6838 19
6839 16
6840 16
6841 0
6842 16
6843 13
6844 16
6845 16
6846 1
6847 16
6848 16
6849 0
6850 16
6851 16
6852 1
6853 16
6854 6
6855 16
6856 9
6857 14
6858 16
6859 13
6860 16
6861 11
6862 5
6863 16
6864 0
6865 16
6866 7
6867 16
6868 16
6869 0
6870 3
6871 13
6872 0
6873 16
6874 16
6875 16
6876 16
6877 1
6878 16
6879 16
6880 16
6881 16
6882 16
6883 16
6884 16
6885 16
6886 16
6887 12
6888 16
6889 1
6890 7
6891 16
6892 18
6893 17
6894 0
6895 13
6896 16
6897 16
6898 16
6899 16
6900 16
6901 16
6902 10
6903 6
6904 7
6905 16
6906 16
6907 16
6908 16
6909 0
6910 12
6911 16
6912 16
6913 9
6914 16
6915 3
6916 3
6917 16
6918 16
6919 16
6920 16
6921 16
6922 16
6923 7
6924 16
6925 17
6926 16
6927 16
6928 16
6929 4
6930 16
6931 16
6932 16
6933 16
6934 16
6935 16
6936 16
6937 1
6938 7
6939 16
6940 16
6941 16
6942 16
6943 7
6944 16
6945 16
6946 16
6947 1
6948 16
6949 0
6950 16
6951 7
6952 16
6953 16
6954 16
6955 1
6956 16
6957 14
6958 7
6959 16
6960 16
6961 0
6962 13
6963 8
6964 5
6965 16
6966 4
6967 16
6968 16
6969 16
6970 16
6971 7
6972 16
6973 16
6974 16
6975 16
6976 19
6977 12
6978 16
6979 5
6980 16
6981 0
6982 12
6983 1
6984 16
6985 1
6986 16
6987 1
6988 16
6989 7
6990 1
6991 0
6992 16
6993 16
6994 13
6995 16
6996 13
6997 16
6998 16
6999 16
7000 16
7001 16
7002 1
7003 16
7004 16
7005 16
7006 16
7007 16
7008 16
7009 16
7010 16
7011 16
7012 16
7013 10
7014 7
7015 7
7016 16
7017 16
7018 16
7019 16
7020 16
7021 16
7022 0
7023 16
7024 16
7025 16
7026 16
7027 13
7028 13
7029 0
7030 16
7031 16
7032 13
7033 16
7034 16
7035 16
7036 7
7037 16
7038 0
7039 16
7040 10
7041 7
7042 7
7043 16
7044 16
7045 7
7046 16
7047 16
7048 0
7049 16
7050 16
7051 16
7052 7
7053 16
7054 17
7055 16
7056 16
7057 17
7058 16
7059 7
7060 0
7061 19
7062 16
7063 16
7064 16
7065 16
7066 6
7067 17
7068 16
7069 16
7070 1
7071 16
7072 16
7073 7
7074 16
7075 16
7076 7
7077 7
7078 16
7079 3
7080 1
7081 16
7082 0
7083 16
7084 16
7085 0
7086 16
7087 16
7088 16
7089 16
7090 16
7091 16
7092 19
7093 16
7094 16
7095 16
7096 2
7097 0
7098 16
7099 16
7100 16
7101 16
7102 7
7103 14
7104 16
7105 16
7106 16
7107 0
7108 16
7109 13
7110 6
7111 16
7112 1
7113 16
7114 1
7115 14
7116 0
7117 16
7118 16
7119 13
7120 11
7121 6
7122 16
7123 16
7124 16
7125 14
7126 0
7127 16
7128 16
7129 16
7130 16
7131 16
7132 16
7133 1
7134 16
7135 17
7136 16
7137 1
7138 16
7139 7
7140 16
7141 1
7142 16
7143 16
7144 18
7145 9
7146 0
7147 7
7148 17
7149 16
7150 7
7151 16
7152 13
7153 11
7154 3
7155 16
7156 7
7157 1
7158 16
7159 7
7160 16
7161 16
7162 6
7163 15
7164 16
7165 16
7166 16
7167 1
7168 13
7169 16
7170 16
7171 16
7172 16
7173 16
7174 10
7175 19
7176 7
7177 1
7178 6
7179 16
7180 14
7181 16
7182 16
7183 16
7184 3
7185 16
7186 16
7187 16
7188 16
7189 16
7190 16
7191 16
7192 1
7193 7
7194 16
7195 16
7196 1
7197 13
7198 16
7199 16
7200 16
7201 19
7202 16
7203 0
7204 16
7205 16
7206 0
7207 16
7208 16
7209 16
7210 1
7211 7
7212 16
7213 16
7214 16
7215 2
7216 1
7217 16
7218 16
7219 16
7220 16
7221 7
7222 16
7223 0
7224 16
7225 16
7226 16
7227 16
7228 16
7229 16
7230 7
7231 7
7232 7
7233 16
7234 16
7235 16
7236 16
7237 16
7238 16
7239 10
7240 16
7241 16
7242 7
7243 16
7244 16
7245 7
7246 1
7247 16
7248 1
7249 12
7250 1
7251 16
7252 16
7253 16
7254 14
7255 16
7256 16
7257 16
7258 16
7259 0
7260 0
7261 16
7262 16
7263 1
7264 16
7265 7
7266 16
7267 16
7268 10
7269 3
7270 16
7271 16
7272 16
7273 16
7274 13
7275 16
7276 16
7277 13
7278 16
7279 16
7280 16
7281 16
7282 17
7283 16
7284 7
7285 16
7286 7
7287 16
7288 0
7289 16
7290 0
7291 16
7292 16
7293 6
7294 16
7295 16
7296 16
7297 16
7298 16
7299 16
7300 16
7301 16
7302 16
7303 6
7304 16
7305 0
7306 16
7307 16
7308 16
7309 17
7310 8
7311 16
7312 1
7313 4
7314 19
7315 16
7316 16
7317 16
7318 16
7319 9
7320 16
7321 1
7322 14
7323 16
7324 7
7325 0
7326 16
7327 16
7328 16
7329 16
7330 16
7331 16
7332 7
7333 18
7334 18
7335 16
7336 0
7337 16
7338 4
7339 13
7340 16
7341 16
7342 16
7343 17
7344 15
7345 16
7346 16
7347 16
7348 16
7349 9
7350 16
7351 7
7352 16
7353 7
7354 16
7355 15
7356 7
7357 16
7358 7
7359 16
7360 16
7361 16
7362 16
7363 13
7364 7
7365 16
7366 16
7367 16
7368 11
7369 16
7370 16
7371 16
7372 16
7373 16
7374 16
7375 16
7376 7
7377 16
7378 16
7379 16
7380 16
7381 13
7382 16
7383 16
7384 9
7385 16
7386 16
7387 7
7388 16
7389 16
7390 16
7391 16
7392 19
7393 16
7394 16
7395 16
7396 16
7397 7
7398 1
7399 0
7400 16
7401 16
7402 16
7403 16
7404 16
7405 13
7406 16
7407 7
7408 16
7409 16
7410 16
7411 16
7412 7
7413 16
7414 16
7415 7
7416 6
7417 0
7418 16
7419 7
7420 7
7421 16
7422 7
7423 16
7424 16
7425 7
7426 16
7427 16
7428 16
7429 16
7430 16
7431 14
7432 16
7433 16
7434 16
7435 2
7436 7
7437 16
7438 16
7439 16
7440 1
7441 3
7442 16
7443 7
7444 16
7445 16
7446 1
7447 16
7448 16
7449 16
7450 16
7451 1
7452 16
7453 16
7454 1
7455 16
7456 16
7457 7
7458 16
7459 16
7460 16
7461 16
7462 1
7463 16
7464 13
7465 1
7466 16
7467 16
7468 7
7469 16
7470 16
7471 16
7472 16
7473 16
7474 6
7475 16
7476 13
7477 16
7478 16
7479 7
7480 16
7481 16
7482 16
7483 16
7484 16
7485 16
7486 16
7487 16
7488 16
7489 16
7490 16
7491 16
7492 16
7493 7
7494 16
7495 16
7496 0
7497 16
7498 16
7499 10
7500 16
7501 10
7502 16
7503 13
7504 10
7505 16
7506 7
7507 1
7508 16
7509 7
7510 16
7511 16
7512 1
7513 16
7514 16
7515 16
7516 16
7517 7
7518 7
7519 16
7520 13
7521 16
7522 7
7523 7
7524 6
7525 16
7526 19
7527 16
7528 0
7529 16
7530 16
7531 16
7532 19
7533 7
7534 13
7535 16
7536 16
7537 0
7538 16
7539 7
7540 16
7541 7
7542 16
7543 0
7544 16
7545 13
7546 16
7547 16
7548 13
7549 13
7550 14
7551 16
7552 6
7553 16
7554 13
7555 16
7556 7
7557 16
7558 7
7559 16
7560 16
7561 16
7562 16
7563 16
7564 0
7565 13
7566 16
7567 7
7568 13
7569 0
7570 6
7571 16
7572 16
7573 7
7574 16
7575 16
7576 19
7577 1
7578 16
7579 16
7580 16
7581 7
7582 1
7583 16
7584 16
7585 1
7586 5
7587 13
7588 16
7589 16
7590 16
7591 16
7592 16
7593 16
7594 16
7595 1
7596 16
7597 6
7598 7
7599 16
7600 16
7601 7
7602 16
7603 7
7604 18
7605 16
7606 0
7607 16
7608 16
7609 16
7610 7
7611 16
7612 16
7613 16
7614 5
7615 16
7616 1
7617 16
7618 1
7619 16
7620 7
7621 16
7622 16
7623 16
7624 16
7625 16
7626 9
7627 16
7628 16
7629 16
7630 7
7631 16
7632 17
7633 1
7634 7
7635 7
7636 16
7637 7
7638 16
7639 2
7640 16
7641 16
7642 16
7643 19
7644 16
7645 16
7646 6
7647 16
7648 6
7649 16
7650 0
7651 16
7652 7
7653 1
7654 16
7655 16
7656 16
7657 9
7658 16
7659 0
7660 16
7661 16
7662 16
7663 16
7664 16
7665 16
7666 16
7667 16
7668 5
7669 16
7670 7
7671 16
7672 16
7673 16
7674 16
7675 16
7676 16
7677 7
7678 16
7679 2
7680 19
7681 19
7682 16
7683 13
7684 16
7685 16
7686 7
7687 13
7688 16
7689 16
7690 16
7691 16
7692 8
7693 16
7694 0
7695 1
7696 16
7697 1
7698 0
7699 16
7700 16
7701 16
7702 16
7703 13
7704 7
7705 2
7706 16
7707 5
7708 0
7709 0
7710 15
7711 16
7712 16
7713 7
7714 16
7715 16
7716 16
7717 7
7718 16
7719 16
7720 16
7721 1
7722 1
7723 16
7724 7
7725 16
7726 16
7727 7
7728 19
7729 16
7730 1
7731 13
7732 16
7733 16
7734 17
7735 7
7736 1
7737 7
7738 1
7739 16
7740 7
7741 7
7742 16
7743 16
7744 16
7745 16
7746 7
7747 16
7748 16
7749 16
7750 16
7751 16
7752 16
7753 16
7754 7
7755 17
7756 14
7757 16
7758 0
7759 17
7760 14
7761 16
7762 16
7763 16
7764 1
7765 0
7766 16
7767 16
7768 13
7769 7
7770 0
7771 16
7772 16
7773 16
7774 7
7775 0
7776 17
7777 13
7778 16
7779 16
7780 16
7781 16
7782 13
7783 11
7784 7
7785 16
7786 16
7787 16
7788 16
7789 5
7790 17
7791 13
7792 13
7793 5
7794 16
7795 16
7796 16
7797 1
7798 16
7799 16
7800 16
7801 16
7802 7
7803 16
7804 0
7805 16
7806 19
7807 7
7808 1
7809 13
7810 16
7811 16
7812 7
7813 16
7814 7
7815 16
7816 16
7817 16
7818 7
7819 19
7820 13
7821 13
7822 16
7823 16
7824 16
7825 3
7826 16
7827 16
7828 7
7829 16
7830 16
7831 16
7832 16
7833 16
7834 16
7835 8
7836 16
7837 16
7838 13
7839 16
7840 16
7841 16
7842 7
7843 3
7844 16
7845 16
7846 17
7847 16
7848 1
7849 16
7850 16
7851 0
7852 13
7853 1
7854 16
7855 16
7856 15
7857 7
7858 16
7859 3
7860 16
7861 4
7862 18
7863 16
7864 16
7865 16
7866 16
7867 0
7868 16
7869 13
7870 0
7871 16
7872 16
7873 16
7874 16
7875 16
7876 16
7877 8
7878 16
7879 16
7880 3
7881 16
7882 16
7883 13
7884 16
7885 14
7886 13
7887 16
7888 13
7889 16
7890 4
7891 1
7892 16
7893 16
7894 16
7895 16
7896 7
7897 16
7898 7
7899 16
7900 7
7901 7
7902 16
7903 13
7904 16
7905 13
7906 7
7907 7
7908 10
7909 16
7910 16
7911 16
7912 5
7913 16
7914 3
7915 6
7916 6
7917 16
7918 1
7919 16
7920 1
7921 13
7922 16
7923 16
7924 16
7925 13
7926 0
7927 16
7928 16
7929 7
7930 16
7931 14
7932 0
7933 16
7934 16
7935 16
7936 16
7937 10
7938 16
7939 16
7940 13
7941 16
7942 16
7943 6
7944 2
7945 16
7946 16
7947 16
7948 16
7949 16
7950 16
7951 8
7952 16
7953 16
7954 16
7955 7
7956 16
7957 7
7958 7
7959 16
7960 16
7961 7
7962 7
7963 2
7964 13
7965 16
7966 0
7967 16
7968 0
7969 16
7970 16
7971 16
7972 6
7973 16
7974 16
7975 16
7976 16
7977 16
7978 16
7979 16
7980 16
7981 13
7982 7
7983 16
7984 13
7985 0
7986 3
7987 16
7988 1
7989 16
7990 16
7991 16
7992 16
7993 16
7994 15
7995 16
7996 7
7997 16
7998 16
7999 16
8000 7
8001 16
8002 0
8003 13
8004 16
8005 16
8006 16
8007 16
8008 16
8009 6
8010 16
8011 1
8012 7
8013 16
8014 16
8015 3
8016 7
8017 16
8018 16
8019 16
8020 16
8021 7
8022 16
8023 16
8024 0
8025 0
8026 16
8027 2
8028 16
8029 7
8030 16
8031 7
8032 0
8033 7
8034 1
8035 16
8036 2
8037 16
8038 16
8039 13
8040 7
8041 7
8042 16
8043 16
8044 16
8045 7
8046 0
8047 16
8048 16
8049 16
8050 16
8051 16
8052 16
8053 16
8054 7
8055 16
8056 16
8057 0
8058 5
8059 17
8060 16
8061 16
8062 7
8063 13
8064 16
8065 16
8066 16
8067 16
8068 16
8069 16
8070 1
8071 16
8072 2
8073 1
8074 16
8075 0
8076 16
8077 16
8078 16
8079 16
8080 16
8081 16
8082 16
8083 1
8084 13
8085 7
8086 14
8087 16
8088 16
8089 12
8090 16
8091 0
8092 16
8093 16
8094 16
8095 13
8096 16
8097 6
8098 13
8099 16
8100 16
8101 7
8102 7
8103 16
8104 16
8105 13
8106 3
8107 16
8108 16
8109 6
8110 0
8111 16
8112 16
8113 16
8114 16
8115 16
8116 16
8117 1
8118 16
8119 16
8120 16
8121 16
8122 16
8123 16
8124 16
8125 16
8126 16
8127 3
8128 16
8129 1
8130 7
8131 1
8132 16
8133 15
8134 16
8135 13
8136 7
8137 6
8138 2
8139 16
8140 16
8141 16
8142 15
8143 16
8144 15
8145 16
8146 16
8147 1
8148 16
8149 0
8150 16
8151 16
8152 13
8153 7
8154 16
8155 16
8156 16
8157 16
8158 16
8159 16
8160 16
8161 16
8162 16
8163 1
8164 16
8165 16
8166 16
8167 16
8168 16
8169 16
8170 16
8171 16
8172 6
8173 16
8174 16
8175 7
8176 16
8177 16
8178 16
8179 16
8180 1
8181 7
8182 13
8183 1
8184 16
8185 16
8186 16
8187 16
8188 16
8189 1
8190 1
8191 13
8192 16
8193 16
8194 1
8195 7
8196 16
8197 7
8198 16
8199 16
8200 1
8201 16
8202 16
8203 16
8204 1
8205 16
8206 16
8207 16
8208 7
8209 7
8210 16
8211 2
8212 6
8213 16
8214 16
8215 1
8216 16
8217 16
8218 16
8219 6
8220 16
8221 16
8222 16
8223 16
8224 16
8225 16
8226 16
8227 16
8228 7
8229 16
8230 0
8231 16
8232 1
8233 1
8234 16
8235 16
8236 16
8237 16
8238 7
8239 0
8240 10
8241 16
8242 2
8243 16
8244 16
8245 13
8246 16
8247 1
8248 16
8249 16
8250 16
8251 7
8252 0
8253 3
8254 16
8255 13
8256 16
8257 16
8258 16
8259 16
8260 16
8261 16
8262 13
8263 16
8264 0
8265 16
8266 16
8267 0
8268 16
8269 16
8270 16
8271 16
8272 7
8273 16
8274 11
8275 16
8276 7
8277 16
8278 6
8279 0
8280 16
8281 16
8282 7
8283 16
8284 16
8285 4
8286 7
8287 16
8288 16
8289 16
8290 5
8291 16
8292 16
8293 16
8294 7
8295 1
8296 0
8297 15
8298 2
8299 16
8300 16
8301 1
8302 16
8303 8
8304 16
8305 16
8306 16
8307 14
8308 13
8309 16
8310 14
8311 3
8312 16
8313 16
8314 16
8315 16
8316 3
8317 1
8318 0
8319 16
8320 0
8321 8
8322 19
8323 2
8324 7
8325 16
8326 1
8327 16
8328 16
8329 14
8330 1
8331 8
8332 0
8333 16
8334 6
8335 16
8336 16
8337 16
8338 5
8339 16
8340 16
8341 9
8342 16
8343 16
8344 16
8345 16
8346 13
8347 7
8348 16
8349 8
8350 7
8351 16
8352 16
8353 16
8354 16
8355 7
8356 16
8357 16
8358 18
8359 16
8360 18
8361 16
8362 16
8363 16
8364 8
8365 15
8366 7
8367 1
8368 16
8369 1
8370 7
8371 16
8372 1
8373 0
8374 16
8375 16
8376 7
8377 16
8378 16
8379 16
8380 1
8381 1
8382 11
8383 1
8384 16
8385 13
8386 1
8387 16
8388 16
8389 16
8390 16
8391 16
8392 16
8393 16
8394 7
8395 7
8396 16
8397 6
8398 16
8399 16
8400 16
8401 7
8402 16
8403 16
8404 16
8405 16
8406 9
8407 16
8408 16
8409 16
8410 16
8411 16
8412 16
8413 1
8414 1
8415 16
8416 16
8417 16
8418 16
8419 7
8420 0
8421 17
8422 16
8423 16
8424 16
8425 16
8426 16
8427 7
8428 17
8429 7
8430 16
8431 16
8432 16
8433 16
8434 16
8435 16
8436 16
8437 16
8438 16
8439 16
8440 16
8441 6
8442 16
8443 17
8444 16
8445 13
8446 8
8447 16
8448 7
8449 16
8450 16
8451 16
8452 16
8453 16
8454 16
8455 2
8456 16
8457 0
8458 16
8459 16
8460 1
8461 14
8462 0
8463 16
8464 16
8465 1
8466 14
8467 16
8468 16
8469 16
8470 1
8471 7
8472 16
8473 1
8474 0
8475 17
8476 16
8477 16
8478 0
8479 0
8480 16
8481 16
8482 2
8483 0
8484 16
8485 16
8486 0
8487 16
8488 16
8489 16
8490 17
8491 16
8492 11
8493 14
8494 7
8495 16
8496 16
8497 16
8498 16
8499 16
8500 16
8501 1
8502 16
8503 8
8504 16
8505 7
8506 16
8507 16
8508 13
8509 16
8510 16
8511 16
8512 16
8513 12
8514 16
8515 16
8516 7
8517 16
8518 16
8519 7
8520 16
8521 1
8522 7
8523 3
8524 13
8525 13
8526 16
8527 7
8528 16
8529 3
8530 16
8531 16
8532 7
8533 16
8534 16
8535 16
8536 7
8537 16
8538 2
8539 14
8540 7
8541 16
8542 16
8543 16
8544 16
8545 16
8546 0
8547 16
8548 16
8549 13
8550 13
8551 16
8552 7
8553 16
8554 15
8555 16
8556 16
8557 16
8558 16
8559 0
8560 3
8561 16
8562 6
8563 16
8564 2
8565 7
8566 16
8567 7
8568 16
8569 13
8570 7
8571 16
8572 16
8573 16
8574 16
8575 13
8576 4
8577 16
8578 16
8579 16
8580 16
8581 0
8582 16
8583 16
8584 16
8585 16
8586 7
8587 7
8588 7
8589 1
8590 16
8591 4
8592 6
8593 16
8594 3
8595 16
8596 16
8597 16
8598 16
8599 13
8600 16
8601 7
8602 16
8603 15
8604 16
8605 16
8606 7
8607 16
8608 6
8609 7
8610 7
8611 6
8612 13
8613 0
8614 16
8615 16
8616 16
8617 0
8618 16
8619 16
8620 16
8621 16
8622 16
8623 16
8624 16
8625 16
8626 6
8627 16
8628 16
8629 16
8630 16
8631 7
8632 16
8633 1
8634 0
8635 0
8636 16
8637 16
