0 20
1 7
2 4
3 6
4 0
5 11
6 0
7 5
8 13
9 4
10 20
11 12
12 4
13 12
14 11
15 5
16 11
17 11
18 0
19 13
20 6
21 13
22 3
23 4
24 13
25 0
26 0
27 20
28 13
29 0
30 13
31 13
32 13
33 3
34 0
35 13
36 4
37 1
38 4
39 0
40 4
41 5
42 0
43 4
44 12
45 11
46 13
47 13
48 4
49 3
50 4
51 13
52 8
53 13
54 20
55 6
56 4
57 9
58 11
59 13
60 4
61 20
62 5
63 0
64 4
65 4
66 20
67 8
68 13
69 13
70 4
71 1
72 0
73 13
74 13
75 0
76 0
77 6
78 4
79 4
80 13
81 2
82 2
83 4
84 20
85 13
86 20
87 20
88 6
89 1
90 11
91 20
92 9
93 20
94 20
95 4
96 4
97 11
98 11
99 4
100 1
101 0
102 1
103 11
104 13
105 4
106 5
107 13
108 4
109 4
110 4
111 4
112 8
113 5
114 4
115 20
116 4
117 4
118 5
119 5
120 13
121 4
122 14
123 2
124 4
125 20
126 2
127 16
128 1
129 0
130 13
131 7
132 6
133 0
134 13
135 13
136 5
137 1
138 0
139 22
140 13
141 13
142 4
143 11
144 13
145 2
146 0
147 5
148 1
149 13
150 4
151 5
152 0
153 1
154 3
155 1
156 0
157 5
158 3
159 4
160 4
161 9
162 5
163 13
164 4
165 13
166 6
167 11
168 13
169 6
170 21
171 6
172 13
173 20
174 4
175 13
176 4
177 20
178 4
179 13
180 0
181 3
182 19
183 2
184 22
185 4
186 1
187 20
188 0
189 1
190 11
191 11
192 0
193 1
194 2
195 2
196 2
197 20
198 4
199 4
200 13
201 11
202 11
203 20
204 19
205 0
206 4
207 5
208 13
209 5
210 21
211 13
212 0
213 0
214 2
215 5
216 0
217 4
218 4
219 0
220 0
221 13
222 13
223 3
224 13
225 13
226 24
227 0
228 4
229 6
230 3
231 4
232 5
233 0
234 0
235 11
236 4
237 1
238 6
239 4
240 1
241 0
242 11
243 4
244 11
245 6
246 6
247 3
248 0
249 13
250 4
251 11
252 11
253 0
254 8
255 3
256 5
257 11
258 4
259 11
260 0
261 4
262 4
263 0
264 20
265 0
266 2
267 20
268 13
269 4
270 8
271 11
272 2
273 4
274 4
275 4
276 22
277 4
278 13
279 2
280 13
281 4
282 4
283 3
284 4
285 4
286 3
287 4
288 16
289 4
290 0
291 9
292 4
293 14
294 1
295 0
296 20
297 13
298 2
299 0
300 4
301 13
302 2
303 4
304 4
305 11
306 1
307 11
308 4
309 4
310 15
311 0
312 0
313 4
314 4
315 5
316 20
317 11
318 9
319 13
320 2
321 11
322 8
323 8
324 4
325 13
326 2
327 11
328 13
329 20
330 13
331 4
332 1
333 2
334 20
335 20
336 5
337 5
338 13
339 2
340 5
341 10
342 11
343 9
344 20
345 9
346 0
347 13
348 11
349 0
350 13
351 3
352 13
353 0
354 11
355 14
356 13
357 13
358 11
359 5
360 2
361 13
362 11
363 2
364 13
365 20
366 1
367 6
368 13
369 5
370 0
371 0
372 4
373 0
374 11
375 11
376 11
377 3
378 21
379 13
380 4
381 11
382 2
383 22
384 13
385 21
386 10
387 1
388 3
389 8
390 4
391 3
392 4
393 4
394 3
395 2
396 2
397 13
398 4
399 1
400 0
401 19
402 21
403 5
404 13
405 20
406 13
407 0
408 4
409 13
410 5
411 0
412 0
413 4
414 5
415 20
416 13
417 13
418 2
419 4
420 5
421 13
422 0
423 11
424 4
425 4
426 1
427 1
428 4
429 4
430 13
431 11
432 4
433 1
434 13
435 0
436 13
437 1
438 6
439 4
440 11
441 4
442 8
443 20
444 4
445 0
446 2
447 13
448 13
449 5
450 8
451 13
452 4
453 4
454 13
455 0
456 6
457 10
458 10
459 13
460 12
461 1
462 0
463 3
464 4
465 0
466 0
467 13
468 13
469 2
470 6
471 4
472 11
473 4
474 11
475 20
476 1
477 12
478 6
479 0
480 4
481 2
482 20
483 4
484 11
485 4
486 2
487 20
488 13
489 2
490 4
491 0
492 5
493 0
494 13
495 15
496 4
497 13
498 11
499 14
500 11
501 20
502 1
503 11
504 13
505 6
506 13
507 13
508 1
509 11
510 8
511 4
512 11
513 2
514 4
515 5
516 6
517 11
518 0
519 20
520 10
521 11
522 13
523 13
524 4
525 4
526 11
527 11
528 11
529 0
530 13
531 1
532 0
533 4
534 4
535 1
536 13
537 0
538 2
539 4
540 8
541 4
542 13
543 0
544 11
545 4
546 0
547 0
548 11
549 13
550 5
551 13
552 0
553 2
554 8
555 20
556 22
557 0
558 5
559 0
560 0
561 0
562 23
563 24
564 5
565 4
566 6
567 9
568 2
569 4
570 23
571 4
572 0
573 22
574 13
575 0
576 11
577 13
578 16
579 6
580 9
581 4
582 4
583 13
584 0
585 13
586 4
587 11
588 11
589 0
590 11
591 4
592 20
593 0
594 20
595 2
596 19
597 13
598 4
599 4
600 1
601 20
602 13
603 1
604 5
605 13
606 11
607 0
608 20
609 13
610 13
611 13
612 8
613 2
614 0
615 0
616 4
617 0
618 0
619 11
620 6
621 13
622 7
623 10
624 5
625 5
626 0
627 0
628 6
629 0
630 4
631 11
632 5
633 0
634 9
635 13
636 4
637 11
638 2
639 11
640 2
641 13
642 2
643 5
644 20
645 0
646 3
647 11
648 2
649 1
650 1
651 7
652 13
653 16
654 4
655 1
656 11
657 13
658 21
659 11
660 11
661 1
662 13
663 1
664 2
665 1
666 20
667 13
668 0
669 11
670 5
671 13
672 1
673 11
674 13
675 13
676 11
677 1
678 0
679 5
680 4
681 11
682 5
683 20
684 5
685 0
686 4
687 4
688 8
689 20
690 0
691 4
692 8
693 4
694 4
695 13
696 11
697 1
698 0
699 1
700 5
701 5
702 0
703 13
704 13
705 0
706 11
707 0
708 0
709 5
710 5
711 13
712 4
713 4
714 4
715 11
716 13
717 11
718 0
719 13
720 1
721 1
722 9
723 5
724 11
725 13
726 17
727 13
728 5
729 4
730 13
731 4
732 4
733 4
734 11
735 3
736 13
737 13
738 3
739 8
740 2
741 4
742 2
743 2
744 4
745 13
746 13
747 5
748 4
749 11
750 11
751 13
752 5
753 4
754 4
755 6
756 1
757 9
758 4
759 4
760 0
761 4
762 4
763 13
764 11
765 6
766 4
767 20
768 1
769 11
770 0
771 0
772 13
773 11
774 13
775 2
776 19
777 13
778 0
779 11
780 0
781 13
782 0
783 11
784 4
785 0
786 0
787 0
788 13
789 4
790 13
791 13
792 4
793 0
794 2
795 0
796 13
797 0
798 5
799 4
800 6
801 5
802 5
803 1
804 1
805 13
806 13
807 13
808 1
809 13
810 13
811 11
812 5
813 13
814 20
815 4
816 4
817 13
818 4
819 12
820 13
821 14
822 13
823 2
824 0
825 6
826 20
827 9
828 13
829 4
830 7
831 13
832 12
833 13
834 4
835 4
836 4
837 13
838 3
839 1
840 24
841 20
842 4
843 13
844 4
845 4
846 13
847 20
848 4
849 5
850 11
851 4
852 4
853 4
854 20
855 0
856 20
857 13
858 0
859 1
860 4
861 13
862 13
863 2
864 9
865 3
866 1
867 0
868 3
869 13
870 13
871 4
872 13
873 4
874 0
875 11
876 7
877 4
878 2
879 4
880 0
881 4
882 1
883 11
884 1
885 11
886 11
887 0
888 4
889 20
890 6
891 4
892 0
893 0
894 5
895 23
896 23
897 0
898 11
899 5
900 11
901 4
902 5
903 13
904 0
905 5
906 13
907 2
908 5
909 13
910 20
911 4
912 3
913 1
914 13
915 20
916 4
917 4
918 8
919 4
920 4
921 13
922 3
923 20
924 4
925 13
926 11
927 0
928 4
929 2
930 3
931 11
932 4
933 2
934 4
935 13
936 13
937 2
938 4
939 20
940 4
941 4
942 11
943 3
944 24
945 2
946 4
947 13
948 6
949 0
950 4
951 8
952 4
953 4
954 20
955 11
956 20
957 3
958 20
959 5
960 0
961 0
962 4
963 2
964 13
965 11
966 21
967 4
968 4
969 13
970 0
971 4
972 11
973 13
974 4
975 11
976 9
977 3
978 4
979 1
980 13
981 2
982 13
983 4
984 12
985 12
986 1
987 4
988 11
989 22
990 13
991 8
992 4
993 13
994 5
995 4
996 5
997 11
998 13
999 2
1000 0
1001 11
1002 3
1003 24
1004 20
1005 8
1006 5
1007 20
1008 0
1009 0
1010 1
1011 0
1012 0
1013 1
1014 2
1015 11
1016 11
1017 4
1018 2
1019 3
1020 11
1021 2
1022 11
1023 1
1024 20
1025 11
1026 2
1027 11
1028 0
1029 3
1030 11
1031 0
1032 3
1033 20
1034 20
1035 13
1036 4
1037 4
1038 4
1039 4
1040 3
1041 13
1042 11
1043 13
1044 1
1045 13
1046 0
1047 4
1048 2
1049 4
1050 3
1051 0
1052 24
1053 24
1054 3
1055 0
1056 11
1057 5
1058 9
1059 4
1060 2
1061 0
1062 0
1063 4
1064 6
1065 20
1066 11
1067 13
1068 2
1069 9
1070 13
1071 13
1072 13
1073 2
1074 2
1075 0
1076 0
1077 13
1078 4
1079 11
1080 0
1081 3
1082 13
1083 20
1084 11
1085 4
1086 3
1087 2
1088 2
1089 3
1090 20
1091 4
1092 20
1093 5
1094 20
1095 20
1096 1
1097 11
1098 4
1099 5
1100 12
1101 12
1102 11
1103 13
1104 11
1105 5
1106 0
1107 4
1108 2
1109 13
1110 5
1111 8
1112 3
1113 3
1114 0
1115 4
1116 0
1117 11
1118 4
1119 0
1120 9
1121 4
1122 4
1123 3
1124 13
1125 12
1126 10
1127 8
1128 11
1129 0
1130 1
1131 6
1132 13
1133 11
1134 11
1135 4
1136 11
1137 2
1138 3
1139 21
1140 2
1141 4
1142 1
1143 5
1144 4
1145 1
1146 6
1147 11
1148 0
1149 20
1150 2
1151 2
1152 12
1153 1
1154 0
1155 0
1156 1
1157 6
1158 2
1159 5
1160 0
1161 11
1162 4
1163 11
1164 5
1165 5
1166 4
1167 2
1168 8
1169 9
1170 2
1171 13
1172 4
1173 0
1174 20
1175 4
1176 11
1177 2
1178 5
1179 3
1180 9
1181 2
1182 0
1183 20
1184 4
1185 20
1186 4
1187 11
1188 13
1189 0
1190 1
1191 0
1192 0
1193 2
1194 4
1195 13
1196 4
1197 4
1198 11
1199 5
1200 4
1201 3
1202 13
1203 4
1204 4
1205 0
1206 3
1207 4
1208 13
1209 3
1210 4
1211 0
1212 20
1213 0
1214 2
1215 20
1216 4
1217 6
1218 7
1219 4
1220 2
1221 4
1222 4
1223 2
1224 1
1225 1
1226 21
1227 13
1228 4
1229 2
1230 11
1231 0
1232 3
1233 4
1234 0
1235 6
1236 4
1237 2
1238 11
1239 13
1240 13
1241 0
1242 13
1243 2
1244 11
1245 2
1246 11
1247 11
1248 20
1249 6
1250 14
1251 2
1252 1
1253 1
1254 4
1255 10
1256 11
1257 3
1258 13
1259 4
1260 13
1261 3
1262 13
1263 5
1264 11
1265 5
1266 13
1267 13
1268 1
1269 1
1270 13
1271 11
1272 11
1273 4
1274 4
1275 11
1276 11
1277 5
1278 13
1279 2
1280 6
1281 9
1282 2
1283 11
1284 1
1285 0
1286 4
1287 20
1288 8
1289 13
1290 0
1291 2
1292 4
1293 0
1294 0
1295 4
1296 4
1297 5
1298 2
1299 0
1300 2
1301 11
1302 2
1303 23
1304 13
1305 20
1306 0
1307 6
1308 11
1309 2
1310 4
1311 13
1312 13
1313 4
1314 13
1315 5
1316 4
1317 4
1318 2
1319 11
1320 13
1321 5
1322 4
1323 13
1324 2
1325 0
1326 4
1327 12
1328 13
1329 4
1330 13
1331 0
1332 4
1333 13
1334 20
1335 4
1336 1
1337 0
1338 13
1339 0
1340 13
1341 6
1342 4
1343 0
1344 13
1345 0
1346 0
1347 6
1348 8
1349 0
1350 3
1351 13
1352 5
1353 2
1354 0
1355 13
1356 13
1357 13
1358 4
1359 5
1360 3
1361 6
1362 20
1363 4
1364 4
1365 4
1366 13
1367 4
1368 21
1369 13
1370 4
1371 20
1372 2
1373 20
1374 0
1375 0
1376 4
1377 1
1378 13
1379 4
1380 11
1381 13
1382 13
1383 13
1384 11
1385 11
1386 0
1387 13
1388 20
1389 13
1390 13
1391 13
1392 2
1393 13
1394 4
1395 4
1396 0
1397 6
1398 15
1399 0
1400 5
1401 0
1402 11
1403 13
1404 11
1405 2
1406 20
1407 11
1408 3
1409 20
1410 11
1411 11
1412 0
1413 4
1414 2
1415 0
1416 0
1417 11
1418 13
1419 20
1420 4
1421 1
1422 1
1423 0
1424 4
1425 11
1426 5
1427 5
1428 11
1429 4
1430 1
1431 13
1432 13
1433 6
1434 1
1435 4
1436 8
1437 15
1438 0
1439 12
1440 4
1441 11
1442 0
1443 1
1444 2
1445 5
1446 4
1447 13
1448 4
1449 11
1450 20
1451 4
1452 13
1453 0
1454 5
1455 13
1456 4
1457 13
1458 11
1459 20
1460 4
1461 20
1462 10
1463 13
1464 2
1465 4
1466 2
1467 5
1468 11
1469 0
1470 5
1471 20
1472 0
1473 10
1474 4
1475 11
1476 4
1477 11
1478 4
1479 1
1480 13
1481 0
1482 0
1483 4
1484 6
1485 11
1486 0
1487 24
1488 4
1489 5
1490 0
1491 4
1492 13
1493 11
1494 4
1495 11
1496 11
1497 2
1498 0
1499 4
1500 3
1501 11
1502 4
1503 2
1504 1
1505 9
1506 3
1507 13
1508 1
1509 4
1510 0
1511 11
1512 4
1513 11
1514 0
1515 0
1516 0
1517 5
1518 2
1519 20
1520 0
1521 4
1522 6
1523 13
1524 4
1525 4
1526 4
1527 13
1528 4
1529 0
1530 13
1531 4
1532 13
1533 11
1534 13
1535 11
1536 0
1537 13
1538 10
1539 0
1540 13
1541 4
1542 0
1543 2
1544 4
1545 13
1546 15
1547 15
1548 5
1549 5
1550 1
1551 2
1552 4
1553 0
1554 0
1555 4
1556 13
1557 6
1558 2
1559 9
1560 13
1561 20
1562 14
1563 0
1564 4
1565 2
1566 2
1567 0
1568 13
1569 11
1570 2
1571 1
1572 13
1573 0
1574 2
1575 13
1576 13
1577 5
1578 6
1579 1
1580 11
1581 13
1582 2
1583 11
1584 4
1585 17
1586 4
1587 4
1588 13
1589 4
1590 5
1591 4
1592 13
1593 13
1594 11
1595 5
1596 0
1597 20
1598 0
1599 23
1600 4
1601 4
1602 5
1603 0
1604 5
1605 13
1606 6
1607 8
1608 13
1609 2
1610 13
1611 0
1612 1
1613 23
1614 4
1615 11
1616 20
1617 13
1618 20
1619 8
1620 13
1621 13
1622 13
1623 5
1624 4
1625 4
1626 13
1627 11
1628 4
1629 4
1630 0
1631 24
1632 13
1633 4
1634 4
1635 4
1636 20
1637 4
1638 4
1639 6
1640 13
1641 5
1642 22
1643 4
1644 6
1645 20
1646 8
1647 5
1648 0
1649 11
1650 13
1651 0
1652 13
1653 4
1654 13
1655 0
1656 5
1657 13
1658 10
1659 20
1660 2
1661 4
1662 0
1663 0
1664 13
1665 4
1666 4
1667 4
1668 4
1669 20
1670 1
1671 13
1672 0
1673 11
1674 11
1675 4
1676 11
1677 4
1678 9
1679 9
1680 11
1681 13
1682 11
1683 11
1684 0
1685 0
1686 6
1687 13
1688 2
1689 13
1690 4
1691 11
1692 24
1693 13
1694 8
1695 5
1696 4
1697 13
1698 4
1699 6
1700 2
1701 5
1702 4
1703 5
1704 13
1705 11
1706 11
1707 0
1708 1
1709 4
1710 13
1711 11
1712 0
1713 5
1714 2
1715 1
1716 11
1717 11
1718 5
1719 13
1720 13
1721 13
1722 0
1723 24
1724 4
1725 8
1726 3
1727 4
1728 0
1729 4
1730 2
1731 5
1732 0
1733 11
1734 4
1735 4
1736 2
1737 2
1738 0
1739 20
1740 12
1741 0
1742 11
1743 2
1744 4
1745 0
1746 4
1747 4
1748 3
1749 10
1750 20
1751 1
1752 4
1753 13
1754 11
1755 13
1756 13
1757 1
1758 10
1759 1
1760 0
1761 0
1762 4
1763 13
1764 4
1765 20
1766 20
1767 0
1768 13
1769 10
1770 11
1771 4
1772 1
1773 13
1774 4
1775 22
1776 13
1777 4
1778 0
1779 13
1780 1
1781 13
1782 3
1783 9
1784 0
1785 11
1786 20
1787 4
1788 1
1789 11
1790 0
1791 5
1792 4
1793 4
1794 0
1795 13
1796 11
1797 20
1798 13
1799 4
1800 11
1801 11
1802 11
1803 4
1804 11
1805 4
1806 2
1807 4
1808 5
1809 3
1810 3
1811 0
1812 13
1813 11
1814 2
1815 0
1816 11
1817 1
1818 13
1819 4
1820 6
1821 4
1822 4
1823 11
1824 4
1825 12
1826 5
1827 20
1828 4
1829 13
1830 9
1831 2
1832 11
1833 12
1834 4
1835 4
1836 20
1837 9
1838 2
1839 4
1840 0
1841 20
1842 0
1843 2
1844 6
1845 3
1846 20
1847 13
1848 6
1849 3
1850 11
1851 11
1852 4
1853 4
1854 8
1855 13
1856 4
1857 13
1858 0
1859 4
1860 6
1861 0
1862 11
1863 13
1864 4
1865 11
1866 20
1867 0
1868 4
1869 9
1870 9
1871 1
1872 7
1873 2
1874 8
1875 10
1876 9
1877 0
1878 4
1879 11
1880 2
1881 13
1882 11
1883 13
1884 3
1885 13
1886 3
1887 2
1888 4
1889 13
1890 4
1891 11
1892 0
1893 11
1894 13
1895 4
1896 5
1897 0
1898 4
1899 0
1900 22
1901 1
1902 12
1903 4
1904 6
1905 13
1906 5
1907 1
1908 11
1909 6
1910 11
1911 4
1912 2
1913 11
1914 13
1915 1
1916 11
1917 11
1918 4
1919 4
1920 15
1921 20
1922 5
1923 4
1924 11
1925 4
1926 12
1927 12
1928 4
1929 0
1930 21
1931 13
1932 13
1933 17
1934 11
1935 4
1936 3
1937 20
1938 10
1939 11
1940 4
1941 8
1942 3
1943 4
1944 11
1945 11
1946 4
1947 7
1948 12
1949 12
1950 0
1951 21
1952 5
1953 2
1954 11
1955 3
1956 2
1957 4
1958 20
1959 6
1960 11
1961 11
1962 4
1963 4
1964 5
1965 5
1966 0
1967 6
1968 0
1969 0
1970 8
1971 1
1972 21
1973 11
1974 4
1975 0
1976 2
1977 11
1978 11
1979 0
1980 11
1981 1
1982 0
1983 13
1984 4
1985 7
1986 4
1987 0
1988 4
1989 0
1990 13
1991 13
1992 13
1993 5
1994 21
1995 5
1996 11
1997 13
1998 21
1999 4
2000 11
2001 0
2002 13
2003 13
2004 4
2005 4
2006 20
2007 4
2008 11
2009 11
2010 4
2011 0
2012 11
2013 0
2014 13
2015 0
2016 7
2017 4
2018 11
2019 13
2020 20
2021 13
2022 0
2023 2
2024 1
2025 4
2026 21
2027 13
2028 0
2029 2
2030 13
2031 13
2032 13
2033 5
2034 11
2035 11
2036 20
2037 13
2038 11
2039 6
2040 13
2041 4
2042 13
2043 0
2044 4
2045 13
2046 6
2047 13
2048 0
2049 0
2050 13
2051 11
2052 0
2053 1
2054 11
2055 2
2056 4
2057 11
2058 14
2059 2
2060 0
2061 13
2062 9
2063 9
2064 8
2065 13
2066 5
2067 0
2068 4
2069 3
2070 5
2071 0
2072 11
2073 22
2074 20
2075 11
2076 2
2077 2
2078 13
2079 6
2080 20
2081 13
2082 11
2083 0
2084 13
2085 6
2086 13
2087 0
2088 15
2089 3
2090 11
2091 0
2092 1
2093 4
2094 11
2095 0
2096 5
2097 4
2098 13
2099 13
2100 4
2101 5
2102 6
2103 2
2104 4
2105 13
2106 20
2107 13
2108 0
2109 6
2110 13
2111 8
2112 13
2113 4
2114 14
2115 13
2116 14
2117 0
2118 0
2119 11
2120 20
2121 4
2122 11
2123 2
2124 4
2125 3
2126 6
2127 11
2128 2
2129 4
2130 16
2131 11
2132 4
2133 11
2134 4
2135 20
2136 0
2137 13
2138 6
2139 11
2140 13
2141 3
2142 2
2143 11
2144 0
2145 9
2146 3
2147 11
2148 13
2149 8
2150 0
2151 13
2152 4
2153 3
2154 4
2155 20
2156 3
2157 11
2158 6
2159 4
2160 20
2161 20
2162 0
2163 2
2164 20
2165 0
2166 0
2167 0
2168 13
2169 11
2170 11
2171 4
2172 11
2173 2
2174 2
2175 0
2176 13
2177 2
2178 14
2179 4
2180 2
2181 13
2182 0
2183 11
2184 0
2185 13
2186 4
2187 15
2188 11
2189 0
2190 13
2191 13
2192 4
2193 0
2194 4
2195 0
2196 2
2197 2
2198 4
2199 2
2200 2
2201 0
2202 13
2203 13
2204 2
2205 4
2206 5
2207 8
2208 0
2209 20
2210 0
2211 24
2212 2
2213 6
2214 8
2215 0
2216 7
2217 5
2218 0
2219 0
2220 0
2221 4
2222 13
2223 4
2224 21
2225 4
2226 4
2227 11
2228 5
2229 11
2230 20
2231 4
2232 20
2233 0
2234 18
2235 2
2236 5
2237 4
2238 20
2239 11
2240 20
2241 4
2242 5
2243 13
2244 4
2245 21
2246 20
2247 4
2248 4
2249 0
2250 13
2251 4
2252 4
2253 0
2254 13
2255 3
2256 4
2257 4
2258 11
2259 0
2260 4
2261 4
2262 21
2263 11
2264 11
2265 13
2266 4
2267 0
2268 20
2269 0
2270 0
2271 13
2272 11
2273 20
2274 6
2275 3
2276 4
2277 1
2278 0
2279 11
2280 13
2281 14
2282 11
2283 5
2284 11
2285 4
2286 4
2287 1
2288 20
2289 13
2290 13
2291 1
2292 5
2293 6
2294 23
2295 11
2296 11
2297 0
2298 11
2299 13
2300 13
2301 4
2302 13
2303 20
2304 4
2305 4
2306 13
2307 4
2308 11
2309 1
2310 2
2311 11
2312 11
2313 4
2314 13
2315 1
2316 0
2317 1
2318 1
2319 4
2320 8
2321 13
2322 20
2323 13
2324 20
2325 12
2326 0
2327 4
2328 4
2329 13
2330 1
2331 13
2332 13
2333 13
2334 5
2335 0
2336 2
2337 0
2338 13
2339 13
2340 13
2341 4
2342 0
2343 13
2344 0
2345 11
2346 4
2347 11
2348 11
2349 11
2350 12
2351 11
2352 20
2353 11
2354 11
2355 8
2356 13
2357 5
2358 0
2359 0
2360 0
2361 2
2362 4
2363 4
2364 1
2365 13
2366 0
2367 0
2368 22
2369 6
2370 4
2371 1
2372 0
2373 11
2374 11
2375 0
2376 13
2377 0
2378 11
2379 17
2380 4
2381 7
2382 2
2383 4
2384 13
2385 2
2386 13
2387 4
2388 13
2389 16
2390 4
2391 11
2392 3
2393 13
2394 0
2395 0
2396 0
2397 20
2398 0
2399 18
2400 2
2401 5
2402 20
2403 11
2404 4
2405 2
2406 13
2407 11
2408 10
2409 20
2410 0
2411 3
2412 13
2413 0
2414 19
2415 11
2416 23
2417 13
2418 1
2419 1
2420 4
2421 7
2422 13
2423 2
2424 11
2425 20
2426 3
2427 11
2428 4
2429 11
2430 4
2431 14
2432 14
2433 6
2434 6
2435 13
2436 2
2437 13
2438 11
2439 2
2440 6
2441 13
2442 4
2443 4
2444 2
2445 20
2446 0
2447 4
2448 4
2449 11
2450 4
2451 3
2452 0
2453 0
2454 13
2455 4
2456 5
2457 13
2458 11
2459 1
2460 6
2461 0
2462 11
2463 2
2464 1
2465 2
2466 2
2467 12
2468 2
2469 1
2470 0
2471 0
2472 4
2473 11
2474 1
2475 0
2476 0
2477 0
2478 0
2479 11
2480 0
2481 11
2482 13
2483 0
2484 4
2485 20
2486 4
2487 4
2488 20
2489 4
2490 4
2491 0
2492 0
2493 4
2494 4
2495 2
2496 13
2497 0
2498 11
2499 13
2500 11
2501 0
2502 13
2503 9
2504 0
2505 3
2506 0
2507 13
2508 4
2509 11
2510 14
2511 4
2512 13
2513 1
2514 13
2515 0
2516 6
2517 5
2518 13
2519 0
2520 4
2521 0
2522 0
2523 13
2524 5
2525 13
2526 13
2527 2
2528 0
2529 5
2530 0
2531 11
2532 2
2533 2
2534 20
2535 2
2536 11
2537 0
2538 4
2539 2
2540 1
2541 5
2542 4
2543 20
2544 4
2545 20
2546 11
2547 4
2548 0
2549 4
2550 0
2551 13
2552 3
2553 13
2554 11
2555 4
2556 11
2557 0
2558 0
2559 1
2560 3
2561 4
2562 4
2563 2
2564 13
2565 0
2566 13
2567 0
2568 9
2569 4
2570 3
2571 11
2572 9
2573 2
2574 4
2575 11
2576 13
2577 3
2578 4
2579 13
2580 0
2581 2
2582 11
2583 7
2584 0
2585 13
2586 1
2587 4
2588 20
2589 20
2590 4
2591 2
2592 5
2593 4
2594 4
2595 9
2596 0
2597 11
2598 4
2599 13
2600 4
2601 11
2602 20
2603 13
2604 11
2605 0
2606 0
2607 6
2608 4
2609 4
2610 4
2611 20
2612 4
2613 11
2614 11
2615 1
2616 4
2617 4
2618 20
2619 19
2620 0
2621 1
2622 13
2623 11
2624 19
2625 5
2626 4
2627 13
2628 13
2629 0
2630 13
2631 6
2632 2
2633 21
2634 13
2635 0
2636 13
2637 0
2638 4
2639 2
2640 3
2641 3
2642 0
2643 3
2644 2
2645 0
2646 4
2647 11
2648 11
2649 13
2650 3
2651 11
2652 13
2653 20
2654 11
2655 8
2656 11
2657 13
2658 0
2659 1
2660 20
2661 4
2662 1
2663 20
2664 3
2665 4
2666 13
2667 4
2668 4
2669 3
2670 13
2671 4
2672 2
2673 16
2674 2
2675 4
2676 4
2677 3
2678 13
2679 4
2680 13
2681 2
2682 0
2683 13
2684 11
2685 9
2686 4
2687 2
2688 4
2689 11
2690 11
2691 16
2692 8
2693 13
2694 6
2695 2
2696 20
2697 4
2698 4
2699 11
2700 11
2701 13
2702 4
2703 13
2704 19
2705 20
2706 14
2707 11
2708 2
2709 11
2710 13
2711 11
2712 11
2713 13
2714 20
2715 9
2716 2
2717 13
2718 11
2719 13
2720 10
2721 10
2722 18
2723 6
2724 11
2725 16
2726 13
2727 4
2728 11
2729 5
2730 5
2731 2
2732 1
2733 3
2734 11
2735 4
2736 11
2737 11
2738 6
2739 14
2740 1
2741 4
2742 11
2743 4
2744 13
2745 22
2746 1
2747 4
2748 2
2749 4
2750 0
2751 13
2752 13
2753 6
2754 0
2755 8
2756 0
2757 4
2758 4
2759 4
2760 1
2761 1
2762 13
2763 6
2764 4
2765 0
2766 20
2767 1
2768 0
2769 5
2770 4
2771 4
2772 11
2773 1
2774 20
2775 1
2776 13
2777 20
2778 4
2779 4
2780 4
2781 4
2782 20
2783 13
2784 13
2785 4
2786 11
2787 24
2788 0
2789 20
2790 11
2791 13
2792 13
2793 11
2794 4
2795 13
2796 11
2797 2
2798 0
2799 1
2800 0
2801 23
2802 13
2803 0
2804 11
2805 11
2806 13
2807 13
2808 11
2809 20
2810 4
2811 4
2812 13
2813 4
2814 13
2815 6
2816 5
2817 4
2818 24
2819 3
2820 11
2821 4
2822 2
2823 0
2824 4
2825 13
2826 0
2827 2
2828 13
2829 11
2830 3
2831 13
2832 4
2833 8
2834 8
2835 6
2836 2
2837 13
2838 11
2839 5
2840 11
2841 6
2842 4
2843 20
2844 2
2845 11
2846 4
2847 4
2848 13
2849 0
2850 20
2851 11
2852 4
2853 20
2854 3
2855 13
2856 4
2857 0
2858 8
2859 2
2860 11
2861 4
2862 13
2863 13
2864 0
2865 11
2866 0
2867 13
2868 4
2869 0
2870 23
2871 13
2872 20
2873 13
2874 3
2875 14
2876 16
2877 11
2878 2
2879 3
2880 4
2881 5
2882 0
2883 0
2884 13
2885 3
2886 3
2887 3
2888 1
2889 5
2890 0
2891 20
2892 4
2893 5
2894 4
2895 6
2896 4
2897 11
2898 13
2899 2
2900 4
2901 11
2902 0
2903 13
2904 4
2905 13
2906 0
2907 0
2908 2
2909 4
2910 0
2911 4
2912 10
2913 4
2914 4
2915 6
2916 4
2917 5
2918 3
2919 13
2920 0
2921 4
2922 0
2923 0
2924 4
2925 2
2926 0
2927 3
2928 11
2929 1
2930 4
2931 5
2932 4
2933 11
2934 2
2935 13
2936 8
2937 0
2938 0
2939 6
2940 4
2941 13
2942 14
2943 4
2944 6
2945 13
2946 0
2947 13
2948 4
2949 20
2950 20
2951 4
2952 0
2953 13
2954 3
2955 15
2956 4
2957 2
2958 1
2959 13
2960 3
2961 6
2962 4
2963 0
2964 0
2965 12
2966 6
2967 20
2968 1
2969 11
2970 2
2971 2
2972 20
2973 3
2974 13
2975 13
2976 0
2977 13
2978 2
2979 2
2980 13
2981 5
2982 13
2983 11
2984 12
2985 5
2986 13
2987 0
2988 13
2989 13
2990 13
2991 20
2992 14
2993 13
2994 19
2995 0
2996 2
2997 0
2998 3
2999 1
3000 14
3001 11
3002 2
3003 4
3004 0
3005 4
3006 3
3007 4
3008 11
3009 13
3010 13
3011 11
3012 13
3013 5
3014 0
3015 13
3016 13
3017 4
3018 1
3019 3
3020 5
3021 11
3022 11
3023 13
3024 4
3025 4
3026 4
3027 20
3028 12
3029 0
3030 5
3031 4
3032 4
3033 13
3034 11
3035 5
3036 4
3037 11
3038 4
3039 4
3040 0
3041 4
3042 11
3043 4
3044 4
3045 11
3046 11
3047 4
3048 13
3049 11
3050 4
3051 11
3052 13
3053 11
3054 20
3055 4
3056 4
3057 0
3058 4
3059 4
3060 9
3061 20
3062 10
3063 11
3064 4
3065 1
3066 8
3067 23
3068 1
3069 3
3070 13
3071 13
3072 11
3073 4
3074 4
3075 4
3076 4
3077 13
3078 0
3079 0
3080 0
3081 4
3082 4
3083 4
3084 11
3085 4
3086 2
3087 20
3088 1
3089 10
3090 4
3091 4
3092 13
3093 1
3094 14
3095 3
3096 19
3097 4
3098 13
3099 5
3100 4
3101 4
3102 5
3103 12
3104 11
3105 4
3106 18
3107 20
3108 4
3109 4
3110 4
3111 13
3112 1
3113 4
3114 13
3115 0
3116 4
3117 1
3118 4
3119 13
3120 1
3121 20
3122 4
3123 11
3124 6
3125 0
3126 0
3127 4
3128 4
3129 11
3130 4
3131 20
3132 2
3133 5
3134 13
3135 11
3136 0
3137 11
3138 18
3139 11
3140 4
3141 4
3142 11
3143 2
3144 2
3145 0
3146 4
3147 2
3148 11
3149 13
3150 6
3151 2
3152 4
3153 11
3154 7
3155 0
3156 13
3157 4
3158 0
3159 8
3160 4
3161 0
3162 11
3163 8
3164 13
3165 22
3166 4
3167 4
3168 4
3169 4
3170 12
3171 4
3172 4
3173 21
3174 4
3175 0
3176 13
3177 21
3178 5
3179 20
3180 20
3181 0
3182 13
3183 1
3184 4
3185 1
3186 0
3187 0
3188 0
3189 5
3190 3
3191 0
3192 4
3193 0
3194 11
3195 0
3196 0
3197 0
3198 5
3199 4
3200 5
3201 0
3202 11
3203 13
3204 0
3205 13
3206 0
3207 0
3208 4
3209 4
3210 12
3211 0
3212 11
3213 0
3214 0
3215 13
3216 13
3217 12
3218 11
3219 0
3220 13
3221 4
3222 2
3223 5
3224 13
3225 4
3226 11
3227 8
3228 6
3229 4
3230 8
3231 4
3232 3
3233 4
3234 20
3235 4
3236 11
3237 14
3238 4
3239 20
3240 11
3241 0
3242 11
3243 13
3244 4
3245 4
3246 13
3247 4
3248 11
3249 4
3250 13
3251 0
3252 13
3253 2
3254 4
3255 2
3256 1
3257 13
3258 11
3259 5
3260 4
3261 3
3262 6
3263 13
3264 4
3265 8
3266 4
3267 20
3268 11
3269 9
3270 6
3271 11
3272 11
3273 2
3274 13
3275 13
3276 13
3277 11
3278 11
3279 4
3280 11
3281 0
3282 1
3283 20
3284 4
3285 0
3286 1
3287 4
3288 13
3289 13
3290 20
3291 2
3292 0
3293 4
3294 13
3295 11
3296 12
3297 21
3298 0
3299 5
3300 9
3301 11
3302 13
3303 13
3304 0
3305 6
3306 2
3307 11
3308 9
3309 13
3310 13
3311 0
3312 2
3313 4
3314 2
3315 20
3316 13
3317 1
3318 4
3319 0
3320 24
3321 0
3322 13
3323 0
3324 0
3325 4
3326 2
3327 2
3328 4
3329 13
3330 3
3331 11
3332 2
3333 4
3334 2
3335 4
3336 11
3337 13
3338 2
3339 5
3340 20
3341 4
3342 13
3343 20
3344 20
3345 0
3346 5
3347 11
3348 13
3349 14
3350 13
3351 5
3352 22
3353 0
3354 4
3355 4
3356 11
3357 6
3358 4
3359 4
3360 6
3361 2
3362 11
3363 1
3364 20
3365 4
3366 20
3367 13
3368 13
3369 2
3370 9
3371 14
3372 2
3373 4
3374 11
3375 0
3376 13
3377 0
3378 4
3379 13
3380 0
3381 3
3382 2
3383 0
3384 9
3385 5
3386 2
3387 0
3388 11
3389 11
3390 5
3391 11
3392 6
3393 0
3394 0
3395 2
3396 4
3397 5
3398 4
3399 2
3400 19
3401 13
3402 6
3403 10
3404 13
3405 11
3406 13
3407 0
3408 4
3409 2
3410 13
3411 0
3412 11
3413 0
3414 20
3415 0
3416 4
3417 8
3418 7
3419 2
3420 8
3421 11
3422 13
3423 22
3424 1
3425 0
3426 4
3427 19
3428 4
3429 1
3430 1
3431 4
3432 0
3433 4
3434 20
3435 4
3436 4
3437 0
3438 4
3439 4
3440 20
3441 20
3442 1
3443 1
3444 5
3445 5
3446 13
3447 0
3448 6
3449 0
3450 20
3451 4
3452 4
3453 13
3454 4
3455 4
3456 11
3457 20
3458 11
3459 0
3460 0
3461 13
3462 0
3463 20
3464 4
3465 2
3466 0
3467 4
3468 1
3469 2
3470 10
3471 9
3472 14
3473 4
3474 3
3475 11
3476 4
3477 6
3478 0
3479 2
3480 11
3481 1
3482 13
3483 11
3484 9
3485 11
3486 4
3487 1
3488 2
3489 20
3490 20
3491 0
3492 6
3493 4
3494 11
3495 13
3496 4
3497 0
3498 2
3499 11
3500 2
3501 0
3502 6
3503 0
3504 6
3505 13
3506 0
3507 11
3508 3
3509 0
3510 8
3511 11
3512 11
3513 10
3514 11
3515 0
3516 0
3517 0
3518 4
3519 4
3520 11
3521 13
3522 13
3523 5
3524 4
3525 0
3526 5
3527 13
3528 20
3529 20
3530 4
3531 13
3532 1
3533 3
3534 4
3535 0
3536 13
3537 13
3538 0
3539 5
3540 4
3541 0
3542 0
3543 13
3544 0
3545 13
3546 0
3547 4
3548 10
3549 5
3550 4
3551 13
3552 9
3553 20
3554 13
3555 6
3556 13
3557 13
3558 0
3559 5
3560 13
3561 5
3562 10
3563 4
3564 13
3565 13
3566 20
3567 1
3568 2
3569 13
3570 4
3571 11
3572 4
3573 4
3574 5
3575 13
3576 6
3577 4
3578 4
3579 20
3580 13
3581 4
3582 0
3583 13
3584 16
3585 10
3586 13
3587 11
3588 0
3589 2
3590 4
3591 16
3592 13
3593 6
3594 1
3595 8
3596 1
3597 4
3598 3
3599 12
3600 4
3601 20
3602 3
3603 20
3604 4
3605 11
3606 11
3607 11
3608 0
3609 11
3610 4
3611 8
3612 11
3613 4
3614 5
3615 0
3616 13
3617 20
3618 5
3619 9
3620 8
3621 11
3622 13
3623 20
3624 0
3625 13
3626 4
3627 5
3628 0
3629 4
3630 1
3631 13
3632 17
3633 20
3634 0
3635 20
3636 3
3637 6
3638 11
3639 0
3640 4
3641 13
3642 13
3643 1
3644 4
3645 11
3646 1
3647 2
3648 13
3649 0
3650 11
3651 5
3652 13
3653 20
3654 4
3655 20
3656 11
3657 21
3658 0
3659 13
3660 11
3661 0
3662 13
3663 0
3664 13
3665 11
3666 2
3667 13
3668 0
3669 0
3670 6
3671 13
3672 0
3673 13
3674 11
3675 13
3676 4
3677 2
3678 0
3679 0
3680 13
3681 0
3682 11
3683 11
3684 3
3685 4
3686 4
3687 14
3688 4
3689 13
3690 4
3691 22
3692 1
3693 13
3694 13
3695 5
3696 20
3697 11
3698 0
3699 13
3700 3
3701 11
3702 4
3703 4
3704 4
3705 4
3706 20
3707 4
3708 11
3709 2
3710 13
3711 4
3712 20
3713 11
3714 0
3715 4
3716 12
3717 22
3718 0
3719 13
3720 0
3721 4
3722 5
3723 5
3724 5
3725 0
3726 4
3727 20
3728 13
3729 13
3730 20
3731 0
3732 1
3733 11
3734 4
3735 6
3736 11
3737 13
3738 5
3739 11
3740 3
3741 0
3742 0
3743 0
3744 0
3745 1
3746 2
3747 4
3748 11
3749 4
3750 4
3751 4
3752 2
3753 10
3754 11
3755 8
3756 20
3757 13
3758 14
3759 13
3760 13
3761 0
3762 2
3763 18
3764 22
3765 20
3766 4
3767 2
3768 4
3769 11
3770 5
3771 13
3772 20
3773 8
3774 2
3775 11
3776 21
3777 0
3778 21
3779 13
3780 1
3781 5
3782 0
3783 4
3784 14
3785 4
3786 6
3787 5
3788 0
3789 13
3790 11
3791 11
3792 4
3793 20
3794 11
3795 20
3796 0
3797 6
3798 2
3799 4
3800 1
3801 2
3802 13
3803 0
3804 0
3805 2
3806 3
3807 13
3808 13
3809 0
3810 2
3811 11
3812 4
3813 0
3814 13
3815 1
3816 20
3817 0
3818 20
3819 2
3820 4
3821 1
3822 12
3823 21
3824 4
3825 5
3826 2
3827 4
3828 4
3829 5
3830 4
3831 13
3832 13
3833 24
3834 11
3835 4
3836 5
3837 5
3838 4
3839 3
3840 4
3841 0
3842 1
3843 4
3844 0
3845 13
3846 4
3847 4
3848 0
3849 2
3850 4
3851 11
3852 0
3853 2
3854 10
3855 13
3856 4
3857 11
3858 13
3859 4
3860 13
3861 0
3862 5
3863 0
3864 13
3865 0
3866 6
3867 11
3868 1
3869 13
3870 0
3871 1
3872 6
3873 4
3874 0
3875 13
3876 4
3877 20
3878 4
3879 18
3880 4
3881 7
3882 4
3883 6
3884 11
3885 4
3886 20
3887 4
3888 0
3889 13
3890 1
3891 20
3892 0
3893 0
3894 13
3895 4
3896 13
3897 4
3898 11
3899 0
3900 11
3901 0
3902 13
3903 4
3904 13
3905 13
3906 20
3907 4
3908 5
3909 18
3910 13
3911 0
3912 4
3913 7
3914 11
3915 4
3916 20
3917 4
3918 5
3919 4
3920 13
3921 11
3922 5
3923 4
3924 1
3925 9
3926 4
3927 0
3928 11
3929 5
3930 20
3931 13
3932 1
3933 4
3934 13
3935 1
3936 13
3937 0
3938 12
3939 13
3940 1
3941 6
3942 5
3943 4
3944 2
3945 13
3946 1
3947 13
3948 4
3949 4
3950 5
3951 4
3952 4
3953 0
3954 4
3955 13
3956 4
3957 16
3958 7
3959 4
3960 0
3961 20
3962 0
3963 13
3964 13
3965 13
3966 2
3967 5
3968 4
3969 4
3970 5
3971 24
3972 13
3973 5
3974 4
3975 4
3976 13
3977 20
3978 2
3979 13
3980 20
3981 4
3982 0
3983 0
3984 20
3985 13
3986 1
3987 4
3988 4
3989 0
3990 13
3991 13
3992 11
3993 20
3994 20
3995 20
3996 0
3997 1
3998 0
3999 0
4000 13
4001 0
4002 13
4003 4
4004 0
4005 7
4006 13
4007 4
4008 4
4009 16
4010 4
4011 4
4012 2
4013 0
4014 0
4015 0
4016 0
4017 11
4018 13
4019 4
4020 4
4021 0
4022 20
4023 4
4024 13
4025 4
4026 13
4027 11
4028 2
4029 2
4030 5
4031 11
4032 20
4033 1
4034 1
4035 0
4036 5
4037 16
4038 1
4039 13
4040 4
4041 11
4042 4
4043 4
4044 5
4045 4
4046 3
4047 4
4048 13
4049 13
4050 4
4051 11
4052 4
4053 4
4054 13
4055 5
4056 5
4057 13
4058 4
4059 13
4060 4
4061 4
4062 4
4063 4
4064 14
4065 11
4066 4
4067 4
4068 1
4069 0
4070 9
4071 11
4072 11
4073 4
4074 10
4075 13
4076 1
4077 4
4078 3
4079 5
4080 4
4081 4
4082 1
4083 13
4084 20
4085 5
4086 4
4087 0
4088 4
4089 13
4090 4
4091 5
4092 4
4093 13
4094 4
4095 4
4096 4
4097 4
4098 4
4099 11
4100 11
4101 4
4102 5
4103 20
4104 20
4105 0
4106 13
4107 11
4108 4
4109 16
4110 4
4111 0
4112 13
4113 11
4114 11
4115 11
4116 0
4117 5
4118 0
4119 13
4120 4
4121 4
4122 13
4123 2
4124 13
4125 0
4126 13
4127 0
4128 4
4129 13
4130 11
4131 0
4132 2
4133 0
4134 11
4135 4
4136 4
4137 8
4138 11
4139 20
4140 11
4141 2
4142 8
4143 0
4144 2
4145 3
4146 4
4147 4
4148 20
4149 0
4150 1
4151 13
4152 12
4153 11
4154 13
4155 3
4156 4
4157 4
4158 0
4159 11
4160 20
4161 13
4162 0
4163 11
4164 1
4165 0
4166 11
4167 4
4168 0
4169 20
4170 5
4171 0
4172 11
4173 0
4174 13
4175 11
4176 13
4177 13
4178 5
4179 1
4180 4
4181 11
4182 0
4183 4
4184 13
4185 13
4186 14
4187 11
4188 13
4189 8
4190 11
4191 11
4192 4
4193 5
4194 8
4195 20
4196 9
4197 4
4198 0
4199 11
4200 6
4201 13
4202 7
4203 0
4204 2
4205 13
4206 20
4207 0
4208 4
4209 13
4210 8
4211 4
4212 6
4213 4
4214 0
4215 13
4216 4
4217 0
4218 13
4219 13
4220 11
4221 11
4222 11
4223 5
4224 24
4225 4
4226 0
4227 11
4228 0
4229 13
4230 13
4231 20
4232 4
4233 2
4234 11
4235 4
4236 4
4237 4
4238 11
4239 2
4240 0
4241 0
4242 8
4243 16
4244 0
4245 4
4246 11
4247 8
4248 3
4249 2
4250 11
4251 5
4252 1
4253 11
4254 6
4255 20
4256 0
4257 13
4258 3
4259 11
4260 4
4261 5
4262 5
4263 4
4264 10
4265 4
4266 13
4267 13
4268 1
4269 11
4270 4
4271 20
4272 4
4273 15
4274 4
4275 0
4276 2
4277 4
4278 5
4279 8
4280 0
4281 11
4282 20
4283 3
4284 0
4285 11
4286 20
4287 8
4288 0
4289 4
4290 6
4291 13
4292 6
4293 4
4294 1
4295 4
4296 13
4297 11
4298 13
4299 19
4300 3
4301 13
4302 20
4303 13
4304 4
4305 20
4306 20
4307 4
4308 5
4309 11
4310 5
4311 4
4312 2
4313 16
4314 13
4315 1
4316 4
4317 6
4318 13
4319 20
4320 3
4321 13
4322 11
4323 13
4324 4
4325 4
4326 20
4327 0
4328 13
4329 13
4330 4
4331 4
4332 11
4333 0
4334 4
4335 0
4336 3
4337 11
4338 2
4339 1
4340 0
4341 13
4342 8
4343 13
4344 5
4345 0
4346 13
4347 0
4348 8
4349 0
4350 0
4351 13
4352 13
4353 11
4354 1
4355 1
4356 0
4357 0
4358 6
4359 5
4360 13
4361 1
4362 1
4363 11
4364 11
4365 5
4366 13
4367 4
4368 13
4369 2
4370 4
4371 0
4372 10
4373 0
4374 14
4375 10
4376 20
4377 8
4378 20
4379 6
4380 0
4381 1
4382 13
4383 20
4384 0
4385 11
4386 8
4387 5
4388 13
4389 4
4390 5
4391 8
4392 0
4393 4
4394 4
4395 0
4396 3
4397 9
4398 19
4399 17
4400 11
4401 1
4402 5
4403 11
4404 4
4405 2
4406 5
4407 11
4408 5
4409 6
4410 0
4411 13
4412 0
4413 3
4414 11
4415 0
4416 13
4417 3
4418 1
4419 11
4420 11
4421 20
4422 5
4423 13
4424 3
4425 0
4426 4
4427 5
4428 2
4429 0
4430 0
4431 6
4432 13
4433 1
4434 4
4435 13
4436 5
4437 11
4438 4
4439 17
4440 2
4441 1
4442 11
4443 11
4444 6
4445 6
4446 3
4447 3
4448 13
4449 4
4450 5
4451 0
4452 13
4453 9
4454 11
4455 1
4456 4
4457 0
4458 4
4459 0
4460 0
4461 4
4462 4
4463 3
4464 11
4465 11
4466 4
4467 5
4468 4
4469 0
4470 4
4471 4
4472 2
4473 11
4474 4
4475 4
4476 5
4477 5
4478 4
4479 6
4480 1
4481 0
4482 11
4483 3
4484 20
4485 11
4486 9
4487 4
4488 4
4489 11
4490 0
4491 11
4492 4
4493 0
4494 5
4495 13
4496 4
4497 13
4498 20
4499 1
4500 13
4501 13
4502 5
4503 0
4504 0
4505 5
4506 11
4507 13
4508 13
4509 13
4510 19
4511 5
4512 5
4513 12
4514 20
4515 13
4516 19
4517 4
4518 11
4519 0
4520 3
4521 14
4522 0
4523 0
4524 4
4525 0
4526 13
4527 9
4528 13
4529 11
4530 2
4531 6
4532 1
4533 1
4534 13
4535 0
4536 4
4537 13
4538 6
4539 13
4540 3
4541 13
4542 0
4543 0
4544 2
4545 20
4546 13
4547 4
4548 3
4549 2
4550 4
4551 20
4552 1
4553 0
4554 2
4555 2
4556 14
4557 0
4558 9
4559 0
4560 6
4561 0
4562 12
4563 0
4564 0
4565 0
4566 0
4567 9
4568 2
4569 4
4570 3
4571 11
4572 3
4573 9
4574 13
4575 3
4576 0
4577 0
4578 9
4579 9
4580 6
4581 5
4582 3
4583 1
4584 0
4585 0
4586 0
4587 0
4588 3
4589 0
4590 11
4591 0
4592 13
4593 20
4594 13
4595 4
4596 1
4597 0
4598 20
4599 1
4600 6
4601 12
4602 2
4603 0
4604 1
4605 3
4606 5
4607 13
4608 0
4609 17
4610 4
4611 0
4612 11
4613 11
4614 5
4615 17
4616 16
4617 20
4618 5
4619 20
4620 11
4621 2
4622 11
4623 3
4624 4
4625 19
4626 3
4627 10
4628 4
4629 19
4630 0
4631 4
4632 13
4633 0
4634 0
4635 19
4636 4
4637 4
4638 4
4639 13
4640 4
4641 2
4642 11
4643 1
4644 4
4645 1
4646 11
4647 2
4648 0
4649 11
4650 20
4651 4
4652 4
4653 5
4654 0
4655 0
4656 4
4657 11
4658 4
4659 13
4660 15
4661 11
4662 20
4663 1
4664 8
4665 5
4666 0
4667 13
4668 1
4669 4
4670 4
4671 13
4672 3
4673 11
4674 2
4675 3
4676 11
4677 11
4678 0
4679 4
4680 2
4681 13
4682 0
4683 9
4684 4
4685 9
4686 13
4687 13
4688 0
4689 4
4690 9
4691 4
4692 11
4693 0
4694 1
4695 0
4696 4
4697 13
4698 11
4699 4
4700 1
4701 0
4702 11
4703 14
4704 0
4705 6
4706 0
4707 11
4708 11
4709 4
4710 20
4711 5
4712 20
4713 13
4714 4
4715 11
4716 20
4717 5
4718 20
4719 9
4720 0
4721 1
4722 13
4723 2
4724 4
4725 4
4726 6
4727 9
4728 4
4729 4
4730 9
4731 13
4732 13
4733 0
4734 17
4735 17
4736 11
4737 0
4738 0
4739 13
4740 15
4741 0
4742 13
4743 0
4744 13
4745 5
4746 4
4747 20
4748 4
4749 3
4750 2
4751 11
4752 4
4753 13
4754 0
4755 20
4756 13
4757 4
4758 20
4759 11
4760 2
4761 13
4762 4
4763 4
4764 0
4765 12
4766 11
4767 1
4768 2
4769 13
4770 0
4771 20
4772 0
4773 4
4774 11
4775 4
4776 0
4777 4
4778 0
4779 4
4780 13
4781 4
4782 14
4783 0
4784 3
4785 13
4786 13
4787 0
4788 1
4789 13
4790 0
4791 4
4792 13
4793 4
4794 11
4795 0
4796 5
4797 0
4798 11
4799 6
4800 5
4801 20
4802 13
4803 16
4804 5
4805 4
4806 11
4807 9
4808 13
4809 5
4810 20
4811 3
4812 5
4813 3
4814 11
4815 20
4816 3
4817 13
4818 4
4819 0
4820 11
4821 4
4822 16
4823 5
4824 5
4825 13
4826 0
4827 3
4828 4
4829 4
4830 0
4831 6
4832 11
4833 20
4834 18
4835 0
4836 13
4837 9
4838 0
4839 4
4840 13
4841 0
4842 0
4843 8
4844 10
4845 11
4846 20
4847 0
4848 4
4849 0
4850 20
4851 4
4852 13
4853 3
4854 13
4855 6
4856 6
4857 2
4858 0
4859 4
4860 2
4861 13
4862 4
4863 11
4864 5
4865 2
4866 0
4867 13
4868 9
4869 4
4870 4
4871 13
4872 13
4873 11
4874 4
4875 5
4876 0
4877 4
4878 13
4879 11
4880 20
4881 13
4882 3
4883 13
4884 12
4885 6
4886 0
4887 13
4888 0
4889 0
4890 6
4891 20
4892 20
4893 19
4894 11
4895 2
4896 0
4897 1
4898 3
4899 11
4900 2
4901 20
4902 0
4903 0
4904 4
4905 15
4906 0
4907 4
4908 0
4909 0
4910 4
4911 4
4912 11
4913 20
4914 0
4915 2
4916 0
4917 0
4918 0
4919 4
4920 13
4921 11
4922 0
4923 10
4924 20
4925 20
4926 9
4927 9
4928 13
4929 4
4930 11
4931 2
4932 13
4933 11
4934 16
4935 4
4936 11
4937 5
4938 1
4939 1
4940 2
4941 0
4942 5
4943 20
4944 13
4945 13
4946 13
4947 0
4948 12
4949 1
4950 10
4951 3
4952 0
4953 4
4954 13
4955 7
4956 11
4957 0
4958 4
4959 1
4960 21
4961 4
4962 2
4963 5
4964 4
4965 4
4966 11
4967 4
4968 0
4969 13
4970 2
4971 4
4972 4
4973 0
4974 11
4975 4
4976 4
4977 13
4978 2
4979 4
4980 11
4981 13
4982 2
4983 3
4984 10
4985 13
4986 11
4987 0
4988 5
4989 4
4990 20
4991 4
4992 20
4993 13
4994 11
4995 4
4996 13
4997 5
4998 0
4999 4
5000 4
5001 11
5002 19
5003 20
5004 2
5005 11
5006 4
5007 4
5008 4
5009 13
5010 3
5011 13
5012 13
5013 1
5014 2
5015 4
5016 5
5017 13
5018 20
5019 4
5020 0
5021 13
5022 11
5023 5
5024 9
5025 10
5026 4
5027 4
5028 4
5029 11
5030 4
5031 5
5032 9
5033 4
5034 0
5035 5
5036 13
5037 11
5038 4
5039 1
5040 23
5041 13
5042 11
5043 5
5044 20
5045 8
5046 11
5047 6
5048 2
5049 10
5050 20
5051 11
5052 4
5053 20
5054 4
5055 4
5056 1
5057 3
5058 3
5059 13
5060 4
5061 1
5062 13
5063 0
5064 0
5065 1
5066 4
5067 4
5068 20
5069 1
5070 11
5071 0
5072 5
5073 4
5074 22
5075 11
5076 3
5077 13
5078 4
5079 13
5080 0
5081 1
5082 6
5083 4
5084 5
5085 0
5086 11
5087 9
5088 11
5089 12
5090 0
5091 4
5092 0
5093 13
5094 4
5095 0
5096 4
5097 13
5098 12
5099 1
5100 11
5101 4
5102 7
5103 20
5104 20
5105 2
5106 13
5107 0
5108 12
5109 4
5110 3
5111 13
5112 20
5113 13
5114 0
5115 4
5116 2
5117 4
5118 13
5119 1
5120 13
5121 6
5122 11
5123 12
5124 13
5125 4
5126 1
5127 13
5128 0
5129 4
5130 4
5131 0
5132 5
5133 13
5134 13
5135 20
5136 11
5137 13
5138 13
5139 5
5140 11
5141 4
5142 12
5143 0
5144 4
5145 11
5146 0
5147 0
5148 0
5149 0
5150 13
5151 3
5152 4
5153 0
5154 17
5155 0
5156 3
5157 5
5158 0
5159 13
5160 0
5161 0
5162 3
5163 4
5164 13
5165 13
5166 13
5167 20
5168 20
5169 4
5170 4
5171 0
5172 6
5173 0
5174 1
5175 3
5176 6
5177 6
5178 13
5179 13
5180 2
5181 15
5182 11
5183 13
5184 3
5185 13
5186 20
5187 5
5188 0
5189 1
5190 1
5191 4
5192 9
5193 13
5194 0
5195 3
5196 23
5197 4
5198 17
5199 5
5200 20
5201 0
5202 13
5203 13
5204 2
5205 11
5206 0
5207 7
5208 10
5209 4
5210 0
5211 6
5212 22
5213 0
5214 4
5215 1
5216 11
5217 0
5218 6
5219 6
5220 13
5221 20
5222 4
5223 4
5224 5
5225 13
5226 14
5227 0
5228 11
5229 20
5230 4
5231 11
5232 1
5233 9
5234 6
5235 4
5236 4
5237 24
5238 4
5239 4
5240 13
5241 13
5242 20
5243 13
5244 13
5245 0
5246 13
5247 5
5248 4
5249 13
5250 0
5251 5
5252 4
5253 3
5254 0
5255 4
5256 13
5257 13
5258 20
5259 5
5260 13
5261 0
5262 24
5263 13
5264 11
5265 11
5266 0
5267 4
5268 20
5269 0
5270 11
5271 13
5272 0
5273 13
5274 2
5275 2
5276 2
5277 4
5278 0
5279 20
5280 13
5281 4
5282 8
5283 0
5284 4
5285 5
5286 20
5287 11
5288 0
5289 2
5290 6
5291 11
5292 6
5293 3
5294 0
5295 11
5296 4
5297 8
5298 5
5299 5
5300 13
5301 5
5302 12
5303 13
5304 6
5305 5
5306 20
5307 0
5308 11
5309 0
5310 6
5311 13
5312 13
5313 13
5314 13
5315 22
5316 20
5317 9
5318 1
5319 4
5320 20
5321 4
5322 5
5323 13
5324 4
5325 13
5326 0
5327 11
5328 4
5329 20
5330 4
5331 6
5332 3
5333 16
5334 4
5335 2
5336 0
5337 20
5338 5
5339 6
5340 0
5341 9
5342 1
5343 4
5344 6
5345 13
5346 3
5347 0
5348 13
5349 13
5350 4
5351 11
5352 0
5353 4
5354 0
5355 4
5356 11
5357 9
5358 13
5359 20
5360 1
5361 20
5362 0
5363 4
5364 4
5365 6
5366 11
5367 6
5368 20
5369 6
5370 4
5371 11
5372 2
5373 2
5374 5
5375 4
5376 13
5377 13
5378 4
5379 3
5380 4
5381 11
5382 0
5383 6
5384 13
5385 13
5386 0
5387 4
5388 4
5389 5
5390 5
5391 5
5392 13
5393 13
5394 0
5395 2
5396 4
5397 8
5398 1
5399 4
5400 1
5401 23
5402 4
5403 0
5404 4
5405 20
5406 20
5407 1
5408 6
5409 13
5410 13
5411 4
5412 0
5413 2
5414 4
5415 0
5416 13
5417 4
5418 20
5419 11
5420 13
5421 6
5422 20
5423 13
5424 3
5425 4
5426 4
5427 6
5428 13
5429 11
5430 1
5431 0
5432 13
5433 13
5434 11
5435 9
5436 1
5437 5
5438 2
5439 3
5440 13
5441 1
5442 0
5443 4
5444 20
5445 7
5446 0
5447 20
5448 4
5449 4
5450 4
5451 20
5452 2
5453 13
5454 0
5455 0
5456 0
5457 9
5458 11
5459 0
5460 13
5461 6
5462 0
5463 5
5464 11
5465 0
5466 0
5467 4
5468 0
5469 11
5470 20
5471 0
5472 11
5473 11
5474 1
5475 0
5476 4
5477 13
5478 13
5479 1
5480 0
5481 4
5482 1
5483 4
5484 20
5485 9
5486 2
5487 6
5488 2
5489 4
5490 10
5491 3
5492 20
5493 11
5494 2
5495 0
5496 1
5497 13
5498 11
5499 1
5500 2
5501 13
5502 4
5503 6
5504 0
5505 0
5506 0
5507 15
5508 3
5509 23
5510 4
5511 0
5512 4
5513 13
5514 4
5515 13
5516 13
5517 15
5518 0
5519 4
5520 13
5521 1
5522 0
5523 13
5524 1
5525 13
5526 13
5527 11
5528 2
5529 0
5530 11
5531 4
5532 20
5533 4
5534 13
5535 6
5536 13
5537 1
5538 5
5539 5
5540 5
5541 1
5542 11
5543 2
5544 6
5545 4
5546 13
5547 0
5548 2
5549 4
5550 9
5551 2
5552 2
5553 5
5554 0
5555 10
5556 5
5557 0
5558 2
5559 2
5560 4
5561 4
5562 5
5563 3
5564 13
5565 2
5566 1
5567 11
5568 11
5569 20
5570 4
5571 11
5572 4
5573 1
5574 11
5575 13
5576 20
5577 0
5578 4
5579 10
5580 13
5581 4
5582 4
5583 13
5584 6
5585 13
5586 0
5587 0
5588 4
5589 2
5590 0
5591 9
5592 13
5593 4
5594 16
5595 1
5596 13
5597 13
5598 2
5599 10
5600 4
5601 20
5602 1
5603 4
5604 3
5605 4
5606 2
5607 11
5608 1
5609 9
5610 2
5611 2
5612 4
5613 4
5614 20
5615 11
5616 1
5617 4
5618 0
5619 11
5620 11
5621 4
5622 20
5623 4
5624 20
5625 13
5626 4
5627 2
5628 1
5629 13
5630 13
5631 0
5632 22
5633 0
5634 5
5635 5
5636 4
5637 4
5638 5
5639 11
5640 0
5641 0
5642 4
5643 4
5644 2
5645 5
5646 16
5647 11
5648 0
5649 13
5650 4
5651 0
5652 0
5653 2
5654 4
5655 0
5656 11
5657 1
5658 0
5659 2
5660 20
5661 4
5662 0
5663 0
5664 4
5665 4
5666 2
5667 4
5668 13
5669 20
5670 11
5671 5
5672 13
5673 11
5674 4
5675 0
5676 11
5677 4
5678 3
5679 13
5680 4
5681 12
5682 0
5683 0
5684 13
5685 13
5686 0
5687 0
5688 11
5689 20
5690 4
5691 20
5692 14
5693 0
5694 4
5695 2
5696 0
5697 0
5698 5
5699 1
5700 13
5701 4
5702 4
5703 5
5704 11
5705 13
5706 4
5707 2
5708 5
5709 15
5710 13
5711 13
5712 5
5713 3
5714 13
5715 5
5716 2
5717 20
5718 6
5719 13
5720 8
5721 5
5722 6
5723 11
5724 4
5725 13
5726 3
5727 1
5728 4
5729 11
5730 3
5731 3
5732 5
5733 3
5734 11
5735 0
5736 13
5737 5
5738 4
5739 2
5740 0
5741 13
5742 13
5743 11
5744 5
5745 2
5746 11
5747 4
5748 11
5749 0
5750 0
5751 4
5752 11
5753 4
5754 1
5755 0
5756 4
5757 5
5758 0
5759 0
5760 13
5761 5
5762 0
5763 3
5764 20
5765 1
5766 4
5767 5
5768 4
5769 13
5770 12
5771 4
5772 4
5773 0
5774 2
5775 13
5776 2
5777 0
5778 13
5779 11
5780 13
5781 6
5782 3
5783 1
5784 1
5785 13
5786 6
5787 4
5788 9
5789 5
5790 4
5791 13
5792 13
5793 13
5794 4
5795 10
5796 0
5797 5
5798 3
5799 0
5800 4
5801 4
5802 1
5803 5
5804 4
5805 13
5806 5
5807 11
5808 4
5809 15
5810 13
5811 5
5812 5
5813 13
5814 4
5815 3
5816 13
5817 0
5818 11
5819 4
5820 4
5821 13
5822 2
5823 24
5824 13
5825 0
5826 9
5827 13
5828 4
5829 11
5830 13
5831 0
5832 2
5833 13
5834 2
5835 0
5836 1
5837 0
5838 20
5839 0
5840 11
5841 13
5842 5
5843 0
5844 1
5845 1
5846 13
5847 4
5848 1
5849 0
5850 13
5851 11
5852 13
5853 5
5854 5
5855 23
5856 0
5857 4
5858 4
5859 23
5860 13
5861 11
5862 11
5863 8
5864 24
5865 13
5866 4
5867 4
5868 13
5869 0
5870 4
5871 13
5872 13
5873 5
5874 4
5875 11
5876 20
5877 1
5878 13
5879 0
5880 6
5881 13
5882 0
5883 20
5884 0
5885 13
5886 1
5887 11
5888 0
5889 0
5890 13
5891 5
5892 0
5893 4
5894 20
5895 2
5896 11
5897 0
5898 4
5899 12
5900 1
5901 0
5902 13
5903 4
5904 2
5905 5
5906 13
5907 4
5908 7
5909 20
5910 13
5911 4
5912 0
5913 4
5914 11
5915 0
5916 11
5917 6
5918 13
5919 11
5920 9
5921 11
5922 1
5923 11
5924 12
5925 4
5926 24
5927 11
5928 20
5929 11
5930 13
5931 6
5932 4
5933 0
5934 0
5935 13
5936 4
5937 6
5938 3
5939 2
5940 16
5941 13
5942 5
5943 14
5944 12
5945 13
5946 11
5947 5
5948 6
5949 13
5950 0
5951 1
5952 2
5953 0
5954 4
5955 3
5956 13
5957 13
5958 0
5959 12
5960 4
5961 11
5962 11
5963 0
5964 4
5965 0
5966 13
5967 5
5968 0
5969 14
5970 20
5971 3
5972 5
5973 0
5974 2
5975 4
5976 11
5977 0
5978 6
5979 0
5980 11
5981 4
5982 6
5983 4
5984 0
5985 5
5986 13
5987 0
5988 20
5989 11
5990 4
5991 11
5992 4
5993 0
5994 4
5995 13
5996 12
5997 0
5998 3
5999 16
6000 11
6001 4
6002 4
6003 4
6004 2
6005 7
6006 11
6007 13
6008 13
6009 13
6010 4
6011 20
6012 4
6013 9
6014 20
6015 11
6016 11
6017 5
6018 4
6019 4
6020 5
6021 1
6022 2
6023 11
6024 11
6025 13
6026 2
6027 13
6028 13
6029 13
6030 11
6031 13
6032 5
6033 2
6034 11
6035 4
6036 4
6037 24
6038 4
6039 4
6040 13
6041 6
6042 13
6043 11
6044 13
6045 0
6046 4
6047 4
6048 7
6049 12
6050 13
6051 0
6052 5
6053 2
6054 4
6055 11
6056 5
6057 10
6058 2
6059 13
6060 4
6061 18
6062 11
6063 4
6064 13
6065 4
6066 20
6067 4
6068 16
6069 20
6070 5
6071 13
6072 16
6073 20
6074 2
6075 11
6076 4
6077 11
6078 11
6079 11
6080 11
6081 4
6082 11
6083 8
6084 7
6085 13
6086 4
6087 4
6088 13
6089 11
6090 4
6091 13
6092 4
6093 20
6094 4
6095 11
6096 1
6097 13
6098 12
6099 11
6100 13
6101 4
6102 0
6103 4
6104 4
6105 2
6106 13
6107 13
6108 20
6109 13
6110 0
6111 0
6112 13
6113 2
6114 4
6115 6
6116 11
6117 2
6118 13
6119 5
6120 5
6121 13
6122 1
6123 1
6124 12
6125 0
6126 4
6127 0
6128 4
6129 5
6130 4
6131 13
6132 4
6133 5
6134 6
6135 4
6136 4
6137 0
6138 1
6139 1
6140 13
6141 0
6142 13
6143 11
6144 4
6145 20
6146 1
6147 11
6148 20
6149 0
6150 7
6151 11
6152 4
6153 20
6154 4
6155 24
6156 4
6157 13
6158 6
6159 13
6160 4
6161 4
6162 3
6163 13
6164 6
6165 4
6166 4
6167 0
6168 13
6169 5
6170 4
6171 4
6172 11
6173 6
6174 11
6175 9
6176 9
6177 0
6178 9
6179 0
6180 4
6181 2
6182 11
6183 24
6184 11
6185 13
6186 2
6187 4
6188 4
6189 4
6190 20
6191 0
6192 4
6193 3
6194 8
6195 2
6196 0
6197 2
6198 1
6199 0
6200 4
6201 6
6202 14
6203 1
6204 13
6205 20
6206 1
6207 8
6208 4
6209 12
6210 11
6211 0
6212 4
6213 13
6214 16
6215 0
6216 13
6217 0
6218 20
6219 4
6220 7
6221 11
6222 6
6223 4
6224 2
6225 4
6226 13
6227 4
6228 4
6229 6
6230 13
6231 0
6232 4
6233 8
6234 13
6235 4
6236 5
6237 11
6238 5
6239 13
6240 16
6241 11
6242 5
6243 11
6244 4
6245 4
6246 10
6247 13
6248 0
6249 6
6250 20
6251 13
6252 5
6253 2
6254 8
6255 4
6256 4
6257 4
6258 20
6259 4
6260 14
6261 1
6262 4
6263 4
6264 13
6265 0
6266 11
6267 11
6268 13
6269 14
6270 4
6271 13
6272 2
6273 1
6274 8
6275 8
6276 24
6277 4
6278 20
6279 11
6280 0
6281 0
6282 16
6283 0
6284 20
6285 11
6286 13
6287 0
6288 0
6289 2
6290 13
6291 4
6292 1
6293 1
6294 3
6295 4
6296 2
6297 4
6298 4
6299 0
6300 4
6301 13
6302 4
6303 2
6304 0
6305 5
6306 13
6307 6
6308 11
6309 4
6310 23
6311 13
6312 5
6313 9
6314 13
6315 9
6316 6
6317 4
6318 4
6319 9
6320 4
6321 13
6322 0
6323 4
6324 13
6325 0
6326 4
6327 0
6328 3
6329 0
6330 4
6331 2
6332 16
6333 4
6334 3
6335 11
6336 3
6337 12
6338 13
6339 13
6340 4
6341 4
6342 4
6343 13
6344 4
6345 4
6346 4
6347 4
6348 4
6349 19
6350 4
6351 11
6352 11
6353 11
6354 4
6355 5
6356 4
6357 1
6358 4
6359 4
6360 11
6361 13
6362 13
6363 5
6364 20
6365 0
6366 11
6367 2
6368 11
6369 20
6370 4
6371 3
6372 4
6373 5
6374 2
6375 13
6376 4
6377 20
6378 2
6379 17
6380 13
6381 1
6382 3
6383 13
6384 5
6385 13
6386 1
6387 4
6388 4
6389 11
6390 11
6391 11
6392 13
6393 4
6394 0
6395 4
6396 4
6397 0
6398 13
6399 11
6400 1
6401 13
6402 4
6403 11
6404 6
6405 5
6406 23
6407 4
6408 13
6409 11
6410 11
6411 4
6412 5
6413 1
6414 0
6415 4
6416 5
6417 1
6418 0
6419 4
6420 13
6421 4
6422 11
6423 4
6424 20
6425 4
6426 13
6427 0
6428 1
6429 7
6430 1
6431 13
6432 0
6433 10
6434 22
6435 5
6436 0
6437 11
6438 11
6439 13
6440 15
6441 20
6442 4
6443 24
6444 1
6445 12
6446 20
6447 11
6448 11
6449 4
6450 0
6451 3
6452 20
6453 0
6454 4
6455 0
6456 4
6457 3
6458 13
6459 13
6460 4
6461 2
6462 0
6463 13
6464 20
6465 13
6466 8
6467 13
6468 13
6469 0
6470 13
6471 11
6472 0
6473 0
6474 13
6475 5
6476 11
6477 2
6478 4
6479 0
6480 11
6481 0
6482 11
6483 13
6484 4
6485 4
6486 2
6487 12
6488 15
6489 4
6490 13
6491 12
6492 4
6493 11
6494 4
6495 2
6496 1
6497 5
6498 13
6499 4
6500 20
6501 4
6502 13
6503 0
6504 4
6505 4
6506 0
6507 0
6508 0
6509 2
6510 5
6511 8
6512 0
6513 4
6514 20
6515 0
6516 0
6517 11
6518 6
6519 2
6520 9
6521 13
6522 2
6523 5
6524 2
6525 6
6526 8
6527 0
6528 5
6529 11
6530 1
6531 8
6532 1
6533 5
6534 11
6535 13
6536 20
6537 5
6538 0
6539 4
6540 2
6541 5
6542 13
6543 20
6544 20
6545 4
6546 0
6547 4
6548 4
6549 4
6550 11
6551 0
6552 0
6553 20
6554 4
6555 0
6556 0
6557 5
6558 13
6559 4
6560 11
6561 4
6562 4
6563 11
6564 0
6565 16
6566 0
6567 11
6568 4
6569 23
6570 13
6571 11
6572 20
6573 0
6574 4
6575 4
6576 1
6577 4
6578 13
6579 11
6580 8
6581 12
6582 10
6583 0
6584 13
6585 4
6586 21
6587 13
6588 4
6589 2
6590 4
6591 13
6592 0
6593 2
6594 0
6595 11
6596 3
6597 3
6598 0
6599 19
6600 5
6601 0
6602 1
6603 0
6604 0
6605 5
6606 1
6607 11
6608 0
6609 0
6610 0
6611 0
6612 20
6613 4
6614 11
6615 4
6616 4
6617 11
6618 0
6619 13
6620 4
6621 4
6622 4
6623 0
6624 4
6625 13
6626 11
6627 0
6628 13
6629 13
6630 5
6631 20
6632 13
6633 0
6634 11
6635 9
6636 11
6637 11
6638 2
6639 0
6640 12
6641 0
6642 13
6643 1
6644 20
6645 4
6646 0
6647 4
6648 11
6649 0
6650 4
6651 11
6652 20
6653 5
6654 4
6655 2
6656 3
6657 4
6658 13
6659 0
6660 11
6661 11
6662 13
6663 13
6664 5
6665 12
6666 5
6667 11
6668 4
6669 15
6670 5
6671 11
6672 5
6673 2
6674 4
6675 4
6676 10
6677 4
6678 4
6679 4
6680 6
6681 4
6682 3
6683 0
6684 14
6685 6
6686 4
6687 4
6688 13
6689 5
6690 4
6691 13
6692 13
6693 0
6694 11
6695 0
6696 0
6697 6
6698 0
6699 5
6700 4
6701 5
6702 11
6703 20
6704 4
6705 5
6706 0
6707 4
6708 8
6709 0
6710 0
6711 0
6712 20
6713 4
6714 11
6715 4
6716 4
6717 20
6718 13
6719 11
6720 4
6721 4
6722 4
6723 0
6724 2
6725 4
6726 0
6727 0
6728 4
6729 2
6730 2
6731 13
6732 0
6733 7
6734 11
6735 1
6736 4
6737 17
6738 4
6739 5
6740 4
6741 6
6742 4
6743 4
6744 5
6745 0
6746 13
6747 0
6748 4
6749 13
6750 4
6751 4
6752 4
6753 13
6754 2
6755 4
6756 4
6757 4
6758 4
6759 11
6760 0
6761 4
6762 2
6763 4
6764 11
6765 5
6766 8
6767 4
6768 4
6769 4
6770 13
6771 4
6772 2
6773 4
6774 13
6775 0
6776 11
6777 20
6778 21
6779 13
6780 4
6781 0
6782 13
6783 4
6784 24
6785 0
6786 13
6787 5
6788 0
6789 2
6790 11
6791 13
6792 4
6793 13
6794 11
6795 5
6796 2
6797 20
6798 4
6799 12
6800 1
6801 4
6802 4
6803 11
6804 21
6805 0
6806 11
6807 12
6808 4
6809 11
6810 20
6811 13
6812 13
6813 20
6814 0
6815 0
6816 5
6817 13
6818 2
6819 2
6820 20
6821 0
6822 20
6823 11
6824 2
6825 4
6826 11
6827 2
6828 11
6829 12
6830 2
6831 1
6832 5
6833 13
6834 13
6835 5
6836 4
6837 0
6838 12
6839 17
6840 0
6841 0
6842 0
6843 13
6844 0
6845 4
6846 4
6847 0
6848 5
6849 11
6850 0
6851 13
6852 4
6853 11
6854 0
6855 0
6856 4
6857 4
6858 4
6859 13
6860 20
6861 0
6862 0
6863 11
6864 0
6865 0
6866 2
6867 1
6868 2
6869 4
6870 11
6871 11
6872 8
6873 0
6874 11
6875 0
6876 13
6877 1
6878 20
6879 0
6880 1
6881 13
6882 13
6883 13
6884 13
6885 4
6886 6
6887 3
6888 13
6889 20
6890 20
6891 4
6892 0
6893 13
6894 0
6895 4
6896 4
6897 11
6898 4
6899 20
6900 13
6901 11
6902 13
6903 13
6904 4
6905 4
6906 13
6907 13
6908 4
6909 0
6910 0
6911 11
6912 4
6913 5
6914 13
6915 5
6916 6
6917 6
6918 0
6919 0
6920 20
6921 0
6922 2
6923 11
6924 2
6925 6
6926 0
6927 8
6928 3
6929 0
6930 4
6931 5
6932 4
6933 4
6934 13
6935 13
6936 13
6937 8
6938 5
6939 4
6940 5
6941 0
6942 13
6943 20
6944 11
6945 6
6946 5
6947 10
6948 4
6949 3
6950 1
6951 12
6952 4
6953 20
6954 1
6955 4
6956 11
6957 13
6958 11
6959 4
6960 11
6961 4
6962 4
6963 4
6964 0
6965 5
6966 17
6967 4
6968 4
6969 21
6970 0
6971 11
6972 4
6973 4
6974 6
6975 11
6976 11
6977 2
6978 11
6979 5
6980 5
6981 0
6982 3
6983 4
6984 0
6985 20
6986 13
6987 0
6988 0
6989 4
6990 0
6991 21
6992 0
6993 4
6994 4
6995 13
6996 19
6997 4
6998 4
6999 4
7000 5
7001 13
7002 0
7003 0
7004 0
7005 11
7006 0
7007 13
7008 5
7009 11
7010 11
7011 0
7012 20
7013 0
7014 4
7015 4
7016 13
7017 13
7018 21
7019 0
7020 13
7021 4
7022 5
7023 4
7024 12
7025 5
7026 11
7027 2
7028 13
7029 13
7030 4
7031 4
7032 13
7033 8
7034 11
7035 13
7036 5
7037 5
7038 3
7039 0
7040 0
7041 13
7042 4
7043 11
7044 5
7045 2
7046 2
7047 1
7048 4
7049 0
7050 13
7051 4
7052 3
7053 4
7054 11
7055 5
7056 11
7057 11
7058 4
7059 1
7060 2
7061 2
7062 13
7063 1
7064 4
7065 11
7066 4
7067 0
7068 4
7069 12
7070 13
7071 20
7072 2
7073 13
7074 13
7075 11
7076 2
7077 13
7078 13
7079 2
7080 11
7081 14
7082 11
7083 4
7084 0
7085 21
7086 20
7087 0
7088 19
7089 0
7090 4
7091 4
7092 2
7093 6
7094 20
7095 13
7096 20
7097 0
7098 4
7099 0
7100 4
7101 13
7102 11
7103 13
7104 20
7105 13
7106 13
7107 4
7108 11
7109 2
7110 1
7111 20
7112 11
7113 6
7114 11
7115 6
7116 13
7117 3
7118 11
7119 0
7120 0
7121 11
7122 4
7123 3
7124 12
7125 6
7126 11
7127 13
7128 0
7129 2
7130 4
7131 13
7132 4
7133 4
7134 1
7135 0
7136 13
7137 0
7138 11
7139 10
7140 10
7141 0
7142 0
7143 1
7144 16
7145 13
7146 11
7147 4
7148 10
7149 16
7150 1
7151 0
7152 10
7153 4
7154 13
7155 8
7156 9
7157 11
7158 4
7159 20
7160 13
7161 1
7162 3
7163 5
7164 4
7165 5
7166 10
7167 4
7168 6
7169 4
7170 5
7171 4
7172 4
7173 20
7174 0
7175 0
7176 3
7177 20
7178 0
7179 11
7180 4
7181 6
7182 3
7183 4
7184 6
7185 2
7186 11
7187 2
7188 6
7189 4
7190 20
7191 9
7192 8
7193 4
7194 1
7195 0
7196 0
7197 0
7198 4
7199 4
7200 13
7201 0
7202 11
7203 22
7204 10
7205 13
7206 20
7207 5
7208 4
7209 5
7210 4
7211 11
7212 4
7213 4
7214 5
7215 4
7216 6
7217 11
7218 13
7219 6
7220 4
7221 1
7222 0
7223 1
7224 6
7225 1
7226 11
7227 20
7228 4
7229 4
7230 4
7231 6
7232 13
7233 20
7234 11
7235 4
7236 20
7237 1
7238 11
7239 13
7240 4
7241 13
7242 4
7243 0
7244 11
7245 4
7246 20
7247 4
7248 4
7249 13
7250 11
7251 6
7252 13
7253 20
7254 11
7255 5
7256 2
7257 8
7258 22
7259 13
7260 4
7261 5
7262 4
7263 4
7264 11
7265 4
7266 21
7267 5
7268 12
7269 4
7270 0
7271 0
7272 1
7273 4
7274 3
7275 20
7276 4
7277 3
7278 13
7279 20
7280 10
7281 11
7282 4
7283 11
7284 1
7285 4
7286 0
7287 0
7288 0
7289 13
7290 4
7291 4
7292 13
7293 11
7294 13
7295 5
7296 2
7297 11
7298 1
7299 0
7300 0
7301 20
7302 5
7303 13
7304 13
7305 0
7306 11
7307 2
7308 4
7309 6
7310 23
7311 11
7312 13
7313 13
7314 20
7315 3
7316 4
7317 11
7318 0
7319 3
7320 4
7321 4
7322 13
7323 16
7324 2
7325 2
7326 4
7327 4
7328 7
7329 13
7330 5
7331 13
7332 0
7333 4
7334 1
7335 3
7336 4
7337 4
7338 2
7339 2
7340 10
7341 11
7342 23
7343 2
7344 1
7345 4
7346 13
7347 5
7348 0
7349 1
7350 1
7351 6
7352 0
7353 13
7354 5
7355 4
7356 23
7357 0
7358 1
7359 11
7360 20
7361 1
7362 0
7363 4
7364 4
7365 11
7366 13
7367 15
7368 0
7369 13
7370 4
7371 20
7372 1
7373 0
7374 8
7375 9
7376 5
7377 4
7378 1
7379 11
7380 10
7381 0
7382 0
7383 20
7384 4
7385 4
7386 2
7387 1
7388 2
7389 13
7390 5
7391 4
7392 11
7393 0
7394 4
7395 13
7396 5
7397 4
7398 4
7399 13
7400 4
7401 4
7402 1
7403 13
7404 13
7405 4
7406 6
7407 13
7408 12
7409 0
7410 4
7411 11
7412 20
7413 11
7414 10
7415 4
7416 0
7417 11
7418 4
7419 4
7420 4
7421 1
7422 6
7423 10
7424 20
7425 13
7426 0
7427 0
7428 0
7429 13
7430 13
7431 11
7432 4
7433 11
7434 12
7435 11
7436 4
7437 1
7438 13
7439 13
7440 20
7441 4
7442 4
7443 13
7444 1
7445 5
7446 11
7447 4
7448 5
7449 11
7450 4
7451 12
7452 0
7453 0
7454 19
7455 4
7456 4
7457 2
7458 1
7459 0
7460 4
7461 0
7462 0
7463 0
7464 1
7465 2
7466 11
7467 5
7468 4
7469 0
7470 13
7471 1
7472 6
7473 13
7474 4
7475 5
7476 0
7477 8
7478 13
7479 5
7480 13
7481 0
7482 1
7483 8
7484 6
7485 13
7486 11
7487 1
7488 11
7489 20
7490 9
7491 0
7492 13
7493 3
7494 4
7495 20
7496 3
7497 6
7498 0
7499 2
7500 11
7501 13
7502 0
7503 13
7504 1
7505 13
7506 13
7507 4
7508 0
7509 4
7510 1
7511 4
7512 23
7513 13
7514 4
7515 2
7516 13
7517 4
7518 13
7519 4
7520 13
7521 4
7522 6
7523 4
7524 11
7525 0
7526 6
7527 11
7528 13
7529 4
7530 8
7531 2
7532 11
7533 11
7534 4
7535 13
7536 0
7537 11
7538 4
7539 17
7540 0
7541 0
7542 13
7543 1
7544 13
7545 0
7546 3
7547 20
7548 4
7549 11
7550 13
7551 4
7552 0
7553 11
7554 6
7555 4
7556 4
7557 17
7558 4
7559 11
7560 11
7561 17
7562 13
7563 22
7564 4
7565 11
7566 13
7567 11
7568 1
7569 3
7570 5
7571 11
7572 20
7573 20
7574 13
7575 5
7576 11
7577 6
7578 20
7579 4
7580 3
7581 6
7582 1
7583 4
7584 2
7585 13
7586 11
7587 20
7588 11
7589 0
7590 13
7591 11
7592 4
7593 0
7594 4
7595 11
7596 4
7597 5
7598 20
7599 5
7600 0
7601 0
7602 0
7603 4
7604 2
7605 11
7606 4
7607 0
7608 17
7609 13
7610 0
7611 4
7612 13
7613 0
7614 13
7615 0
7616 5
7617 4
7618 4
7619 4
7620 13
7621 13
7622 5
7623 9
7624 1
7625 2
7626 4
7627 13
7628 0
7629 4
7630 11
7631 5
7632 5
7633 13
7634 11
7635 4
7636 4
7637 13
7638 7
7639 13
7640 4
7641 0
7642 0
7643 0
7644 0
7645 6
7646 6
7647 1
7648 4
7649 24
7650 2
7651 2
7652 2
7653 3
7654 11
7655 0
7656 2
7657 2
7658 1
7659 21
7660 4
7661 13
7662 13
7663 4
7664 13
7665 11
7666 1
7667 2
7668 3
7669 2
7670 3
7671 1
7672 13
7673 13
7674 13
7675 0
7676 13
7677 20
7678 20
7679 11
7680 8
7681 0
7682 20
7683 10
7684 0
7685 4
7686 13
7687 4
7688 1
7689 11
7690 13
7691 3
7692 3
7693 20
7694 20
7695 4
7696 0
7697 2
7698 9
7699 4
7700 2
7701 4
7702 2
7703 20
7704 13
7705 2
7706 4
7707 11
7708 5
7709 12
7710 6
7711 0
7712 11
7713 3
7714 0
7715 13
7716 0
7717 0
7718 11
7719 3
7720 4
7721 6
7722 0
7723 0
7724 20
7725 11
7726 5
7727 12
7728 0
7729 13
7730 3
7731 11
7732 2
7733 11
7734 4
7735 13
7736 20
7737 11
7738 1
7739 4
7740 11
7741 0
7742 12
7743 4
7744 4
7745 3
7746 6
7747 14
7748 8
7749 17
7750 4
7751 13
7752 7
7753 4
7754 0
7755 13
7756 4
7757 0
7758 4
7759 4
7760 4
7761 1
7762 5
7763 1
7764 18
7765 0
7766 0
7767 4
7768 13
7769 4
7770 0
7771 0
7772 0
7773 4
7774 0
7775 0
7776 4
7777 13
7778 0
7779 0
7780 21
7781 12
7782 13
7783 0
7784 4
7785 13
7786 13
7787 0
7788 5
7789 4
7790 0
7791 3
7792 3
7793 5
7794 5
7795 13
7796 19
7797 11
7798 0
7799 17
7800 0
7801 20
7802 11
7803 1
7804 13
7805 4
7806 0
7807 13
7808 13
7809 13
7810 5
7811 4
7812 23
7813 13
7814 4
7815 13
7816 0
7817 2
7818 4
7819 16
7820 5
7821 13
7822 0
7823 4
7824 4
7825 0
7826 4
7827 5
7828 13
7829 4
7830 1
7831 11
7832 11
7833 0
7834 11
7835 11
7836 13
7837 13
7838 6
7839 3
7840 1
7841 13
7842 19
7843 11
7844 17
7845 4
7846 4
7847 4
7848 0
7849 13
7850 4
7851 11
7852 11
7853 13
7854 14
7855 11
7856 11
7857 2
7858 13
7859 5
7860 20
7861 1
7862 0
7863 5
7864 13
7865 0
7866 4
7867 4
7868 0
7869 13
7870 3
7871 3
7872 11
7873 5
7874 13
7875 0
7876 6
7877 4
7878 4
7879 2
7880 4
7881 2
7882 11
7883 4
7884 11
7885 3
7886 20
7887 0
7888 13
7889 13
7890 11
7891 9
7892 15
7893 1
7894 4
7895 3
7896 13
7897 4
7898 4
7899 13
7900 10
7901 13
7902 11
7903 0
7904 4
7905 13
7906 4
7907 4
7908 13
7909 0
7910 4
7911 4
7912 4
7913 20
7914 0
7915 5
7916 2
7917 2
7918 4
7919 23
7920 2
7921 12
7922 9
7923 13
7924 11
7925 4
7926 11
7927 5
7928 13
7929 11
7930 3
7931 20
7932 13
7933 10
7934 3
7935 13
7936 4
7937 13
7938 11
7939 4
7940 8
7941 4
7942 20
7943 11
7944 2
7945 4
7946 11
7947 4
7948 13
7949 13
7950 8
7951 1
7952 13
7953 2
7954 4
7955 3
7956 11
7957 0
7958 2
7959 4
7960 11
7961 20
7962 9
7963 4
7964 0
7965 3
7966 3
7967 13
7968 3
7969 6
7970 13
7971 11
7972 11
7973 20
7974 13
7975 20
7976 5
7977 12
7978 4
7979 5
7980 13
7981 2
7982 4
7983 3
7984 4
7985 20
7986 20
7987 5
7988 5
7989 5
7990 1
7991 13
7992 6
7993 2
7994 0
7995 6
7996 3
7997 0
7998 5
7999 20
8000 11
8001 14
8002 4
8003 13
8004 11
8005 13
8006 13
8007 4
8008 4
8009 13
8010 4
8011 0
8012 4
8013 13
8014 6
8015 13
8016 0
8017 13
8018 4
8019 0
8020 2
8021 4
8022 9
8023 10
8024 13
8025 5
8026 4
8027 13
8028 4
8029 0
8030 0
8031 20
8032 6
8033 6
8034 4
8035 0
8036 5
8037 11
8038 11
8039 13
8040 3
8041 0
8042 20
8043 4
8044 0
8045 13
8046 13
8047 13
8048 13
8049 11
8050 13
8051 13
8052 11
8053 0
8054 6
8055 13
8056 22
8057 11
8058 4
8059 4
8060 13
8061 12
8062 4
8063 0
8064 4
8065 0
8066 20
8067 20
8068 20
8069 13
8070 0
8071 13
8072 5
8073 2
8074 1
8075 6
8076 13
8077 11
8078 13
8079 4
8080 11
8081 0
8082 4
8083 13
8084 13
8085 11
8086 11
8087 4
8088 13
8089 0
8090 4
8091 0
8092 4
8093 4
8094 5
8095 11
8096 0
8097 3
8098 1
8099 0
8100 19
8101 19
8102 6
8103 5
8104 5
8105 6
8106 13
8107 4
8108 0
8109 6
8110 5
8111 1
8112 0
8113 5
8114 13
8115 3
8116 4
8117 6
8118 13
8119 12
8120 11
8121 4
8122 5
8123 4
8124 4
8125 4
8126 13
8127 13
8128 13
8129 20
8130 1
8131 20
8132 6
8133 13
8134 23
8135 9
8136 0
8137 5
8138 0
8139 11
8140 13
8141 0
8142 4
8143 11
8144 5
8145 20
8146 0
8147 11
8148 11
8149 5
8150 13
8151 2
8152 1
8153 2
8154 2
8155 10
8156 10
8157 4
8158 4
8159 13
8160 5
8161 0
8162 20
8163 0
8164 13
8165 0
8166 1
8167 0
8168 20
8169 13
8170 4
8171 13
8172 15
8173 0
8174 1
8175 20
8176 0
8177 4
8178 13
8179 11
8180 4
8181 13
8182 4
8183 4
8184 11
8185 20
8186 4
8187 20
8188 4
8189 4
8190 6
8191 13
8192 13
8193 11
8194 0
8195 2
8196 6
8197 4
8198 13
8199 4
8200 5
8201 9
8202 2
8203 4
8204 13
8205 11
8206 4
8207 0
8208 4
8209 13
8210 13
8211 11
8212 0
8213 4
8214 0
8215 22
8216 4
8217 3
8218 4
8219 3
8220 5
8221 4
8222 4
8223 4
8224 13
8225 24
8226 11
8227 4
8228 11
8229 13
8230 4
8231 22
8232 0
8233 13
8234 0
8235 13
8236 4
8237 0
8238 11
8239 4
8240 20
8241 13
8242 0
8243 4
8244 4
8245 19
8246 5
8247 11
8248 21
8249 11
8250 6
8251 5
8252 2
8253 0
8254 4
8255 5
8256 0
8257 11
8258 17
8259 0
8260 11
8261 11
8262 18
8263 13
8264 20
8265 0
8266 7
8267 6
8268 13
8269 13
8270 0
8271 0
8272 13
8273 11
8274 13
8275 4
8276 20
8277 0
8278 0
8279 13
8280 5
8281 22
8282 4
8283 11
8284 4
8285 11
8286 5
8287 13
8288 0
8289 11
8290 13
8291 3
8292 20
8293 4
8294 20
8295 6
8296 11
8297 2
8298 4
8299 4
8300 0
8301 20
8302 1
8303 0
8304 4
8305 4
8306 4
8307 6
8308 13
8309 4
8310 13
8311 13
8312 0
8313 13
8314 6
8315 11
8316 11
8317 13
8318 13
8319 13
8320 0
8321 20
8322 0
8323 13
8324 2
8325 13
8326 6
8327 8
8328 4
8329 0
8330 0
8331 1
8332 4
8333 0
8334 13
8335 0
8336 0
8337 12
8338 5
8339 0
8340 0
8341 0
8342 13
8343 20
8344 22
8345 11
8346 0
8347 8
8348 0
8349 13
8350 5
8351 0
8352 11
8353 22
8354 0
8355 4
8356 5
8357 8
8358 2
8359 5
8360 0
8361 0
8362 4
8363 2
8364 13
8365 0
8366 20
8367 20
8368 4
8369 0
8370 11
8371 0
8372 4
8373 13
8374 5
8375 11
8376 20
8377 0
8378 5
8379 11
8380 13
8381 11
8382 0
8383 0
8384 11
8385 8
8386 1
8387 2
8388 0
8389 0
8390 0
8391 13
8392 0
8393 0
8394 0
8395 4
8396 13
8397 11
8398 0
8399 0
8400 0
8401 17
8402 0
8403 6
8404 18
8405 20
8406 9
8407 4
8408 0
8409 0
8410 11
8411 0
8412 20
8413 7
8414 0
8415 13
8416 4
8417 11
8418 19
8419 0
8420 13
8421 20
8422 0
8423 0
8424 4
8425 4
8426 13
8427 4
8428 5
8429 0
8430 5
8431 19
8432 19
8433 4
8434 13
8435 2
8436 13
8437 11
8438 4
8439 2
8440 0
8441 12
8442 1
8443 4
8444 2
8445 0
8446 0
8447 20
8448 5
8449 0
8450 4
8451 11
8452 0
8453 0
8454 0
8455 19
8456 11
8457 2
8458 4
8459 0
8460 0
8461 11
8462 3
8463 4
8464 0
8465 0
8466 19
8467 2
8468 11
8469 20
8470 1
8471 20
8472 5
8473 0
8474 0
8475 4
8476 13
8477 11
8478 0
8479 4
8480 11
8481 0
8482 13
8483 2
8484 3
8485 6
8486 0
8487 4
8488 11
8489 21
8490 4
8491 7
8492 0
8493 9
8494 4
8495 20
8496 13
8497 0
8498 5
8499 13
8500 20
8501 4
8502 11
8503 24
8504 2
8505 24
8506 13
8507 20
8508 4
8509 4
8510 0
8511 0
8512 6
8513 11
8514 0
8515 2
8516 3
8517 20
8518 4
8519 13
8520 11
8521 20
8522 21
8523 9
8524 4
8525 11
8526 5
8527 6
8528 6
8529 0
8530 1
8531 0
8532 4
8533 16
8534 4
8535 21
8536 4
8537 11
8538 9
8539 6
8540 9
8541 4
8542 4
8543 11
8544 0
8545 5
8546 2
8547 11
8548 0
8549 11
8550 0
8551 0
8552 11
8553 0
8554 13
8555 4
8556 1
8557 0
8558 0
8559 2
8560 13
8561 13
8562 4
8563 4
8564 0
8565 5
8566 1
8567 0
8568 4
8569 13
8570 13
8571 11
8572 13
8573 6
8574 13
8575 8
8576 4
8577 13
8578 20
8579 13
8580 5
8581 11
8582 13
8583 13
8584 11
8585 4
8586 10
8587 2
8588 13
8589 6
8590 4
8591 6
8592 6
8593 13
8594 5
8595 4
8596 20
8597 4
8598 4
8599 4
8600 13
8601 9
8602 13
8603 2
8604 9
8605 11
8606 20
8607 1
8608 4
8609 4
8610 2
8611 9
8612 4
8613 2
8614 4
8615 11
8616 20
8617 11
8618 13
8619 11
8620 11
8621 20
8622 2
8623 11
8624 1
8625 24
8626 13
8627 6
8628 13
8629 4
8630 11
8631 4
8632 1
8633 20
8634 2
8635 20
8636 4
8637 3
8638 0
8639 2
8640 13
8641 10
8642 2
8643 3
8644 16
8645 13
8646 21
8647 2
8648 1
8649 4
8650 4
8651 0
8652 4
8653 13
8654 20
8655 13
8656 13
8657 11
8658 13
8659 3
8660 13
8661 18
8662 4
8663 5
8664 6
8665 13
8666 13
8667 4
8668 4
8669 2
8670 0
8671 4
8672 11
8673 1
8674 22
8675 19
8676 22
8677 18
8678 13
8679 4
8680 8
8681 1
8682 4
8683 2
8684 13
8685 20
8686 14
8687 13
8688 0
8689 4
8690 0
8691 11
8692 0
8693 0
8694 4
8695 0
8696 0
8697 11
8698 0
8699 11
8700 4
8701 4
8702 14
8703 20
8704 13
8705 11
8706 0
8707 1
8708 0
8709 13
8710 4
8711 2
8712 3
8713 4
8714 1
8715 6
8716 1
8717 4
8718 5
8719 12
8720 11
8721 13
8722 0
8723 5
8724 2
8725 4
8726 6
8727 1
8728 4
8729 0
8730 13
8731 0
8732 13
8733 5
8734 1
8735 8
8736 0
8737 0
8738 11
8739 20
8740 4
8741 4
8742 8
8743 0
8744 1
8745 6
8746 5
8747 13
8748 13
8749 4
8750 8
8751 0
8752 4
8753 8
8754 5
8755 4
8756 11
8757 0
8758 1
8759 24
8760 10
8761 4
8762 20
8763 12
8764 2
8765 4
8766 13
8767 0
8768 0
8769 6
8770 16
8771 0
8772 4
8773 4
8774 22
8775 1
8776 8
8777 11
8778 13
8779 11
8780 2
8781 11
8782 0
8783 20
8784 0
8785 20
8786 11
8787 0
8788 0
8789 4
8790 20
8791 13
8792 6
8793 24
8794 4
8795 18
8796 2
8797 5
8798 7
8799 3
8800 11
8801 2
8802 1
8803 4
8804 11
8805 11
8806 4
8807 4
8808 6
8809 13
8810 4
8811 4
8812 11
8813 13
8814 0
8815 20
8816 13
8817 14
8818 13
8819 11
8820 13
8821 2
8822 2
8823 4
8824 13
8825 13
8826 4
8827 4
8828 0
8829 20
8830 13
8831 4
8832 10
8833 10
8834 3
8835 0
8836 4
8837 11
8838 3
8839 1
8840 4
8841 10
8842 4
8843 11
8844 4
8845 4
8846 11
8847 5
8848 0
8849 2
8850 11
8851 8
8852 13
8853 12
8854 11
8855 11
8856 13
8857 5
8858 11
8859 4
8860 5
8861 13
8862 0
8863 5
8864 13
8865 2
8866 2
8867 3
8868 6
8869 13
8870 3
8871 0
8872 4
8873 13
8874 11
8875 1
8876 11
8877 2
8878 2
8879 13
8880 0
8881 11
8882 13
8883 6
8884 0
8885 11
8886 1
8887 4
8888 4
8889 13
8890 11
8891 11
8892 11
8893 2
8894 4
8895 2
8896 3
8897 5
8898 11
8899 13
8900 20
8901 4
8902 2
8903 11
8904 4
8905 0
8906 4
8907 4
8908 0
8909 4
8910 20
8911 11
8912 4
8913 4
8914 9
8915 4
8916 9
8917 8
8918 13
8919 13
8920 3
8921 13
8922 9
8923 13
8924 4
8925 9
8926 11
8927 13
8928 4
8929 11
8930 1
8931 0
8932 2
8933 0
8934 4
8935 5
8936 13
8937 3
8938 6
8939 20
8940 0
8941 4
8942 13
8943 9
8944 12
8945 11
8946 0
8947 1
8948 3
8949 11
8950 13
8951 13
8952 4
8953 5
8954 0
8955 5
8956 5
8957 4
8958 2
8959 4
8960 2
8961 8
8962 13
8963 11
8964 4
8965 0
8966 2
8967 2
8968 2
8969 11
8970 11
8971 4
8972 12
8973 0
8974 12
8975 4
8976 24
8977 24
8978 7
8979 18
8980 11
8981 4
8982 9
8983 13
8984 4
8985 4
8986 4
8987 11
8988 4
8989 13
8990 11
8991 4
8992 9
8993 20
8994 5
8995 13
8996 13
8997 16
8998 1
8999 11
9000 4
9001 10
9002 0
9003 0
9004 1
9005 13
9006 13
9007 0
9008 4
9009 20
9010 1
9011 13
9012 1
9013 4
9014 11
9015 0
9016 12
9017 4
9018 4
9019 13
9020 20
9021 0
9022 12
9023 4
9024 4
9025 21
9026 0
9027 2
9028 13
9029 11
9030 13
9031 20
9032 11
9033 11
9034 13
9035 0
9036 4
9037 13
9038 1
9039 13
9040 8
9041 3
9042 12
9043 0
9044 4
9045 11
9046 6
9047 0
9048 4
9049 13
9050 0
9051 10
9052 4
9053 13
9054 0
9055 4
9056 4
9057 4
9058 11
9059 2
9060 4
9061 4
9062 6
9063 2
9064 0
9065 2
9066 4
9067 11
9068 4
9069 20
9070 0
9071 4
9072 1
9073 20
9074 6
9075 0
9076 13
9077 11
9078 4
9079 4
9080 1
9081 2
9082 13
9083 4
9084 4
9085 13
9086 4
9087 6
9088 0
9089 13
9090 13
9091 13
9092 2
9093 0
9094 13
9095 2
9096 13
9097 3
9098 11
9099 13
9100 0
9101 3
9102 4
9103 11
9104 13
9105 13
9106 0
9107 9
9108 2
9109 11
9110 11
9111 4
9112 0
9113 4
9114 2
9115 4
9116 6
9117 13
9118 3
9119 18
9120 0
9121 4
9122 13
9123 4
9124 4
9125 5
9126 2
9127 5
9128 11
9129 6
9130 22
9131 11
9132 3
9133 0
9134 11
9135 0
9136 4
9137 0
9138 24
9139 13
9140 4
9141 3
9142 13
9143 4
9144 3
9145 6
9146 0
9147 0
9148 0
9149 0
9150 4
9151 13
9152 6
9153 11
9154 1
9155 0
9156 11
9157 4
9158 4
9159 4
9160 4
9161 4
9162 0
9163 0
9164 11
9165 0
9166 13
9167 8
9168 12
9169 0
9170 11
9171 0
9172 0
9173 4
9174 11
9175 2
9176 14
9177 9
9178 4
9179 4
9180 0
9181 2
9182 0
9183 13
9184 11
9185 10
9186 8
9187 13
9188 4
9189 11
9190 0
9191 13
9192 0
9193 13
9194 1
9195 4
9196 4
9197 1
9198 11
9199 4
9200 3
9201 0
9202 11
9203 4
9204 2
9205 0
9206 4
9207 2
9208 13
9209 11
9210 4
9211 9
9212 11
9213 11
9214 13
9215 13
9216 13
9217 13
9218 5
9219 0
9220 11
9221 4
9222 5
9223 11
9224 6
9225 6
9226 13
9227 5
9228 21
9229 13
9230 4
9231 11
9232 0
9233 0
9234 0
9235 3
9236 4
9237 13
9238 20
9239 5
9240 4
9241 4
9242 13
9243 5
9244 20
9245 11
9246 0
9247 20
9248 11
9249 2
9250 5
9251 8
9252 4
9253 1
9254 4
9255 8
9256 4
9257 20
9258 0
9259 2
9260 13
9261 2
9262 20
9263 2
9264 4
9265 0
9266 5
9267 0
9268 13
9269 4
9270 2
9271 13
9272 11
9273 14
9274 4
9275 3
9276 11
9277 0
9278 0
9279 13
9280 21
9281 2
9282 11
9283 13
9284 11
9285 13
9286 20
9287 16
9288 2
9289 4
9290 13
9291 0
9292 0
9293 0
9294 2
9295 4
9296 13
9297 4
9298 20
9299 8
9300 5
9301 20
9302 12
9303 11
9304 13
9305 13
9306 4
9307 4
9308 4
9309 13
9310 13
9311 0
9312 2
9313 0
9314 4
9315 3
9316 0
9317 2
9318 4
9319 6
9320 13
9321 18
9322 20
9323 13
9324 13
9325 0
9326 0
9327 14
9328 4
9329 3
9330 20
9331 4
9332 5
9333 11
9334 8
9335 13
9336 4
9337 13
9338 13
9339 11
9340 0
9341 4
9342 3
9343 0
9344 2
9345 4
9346 6
9347 11
9348 11
9349 10
9350 0
9351 6
9352 4
9353 13
9354 13
9355 18
9356 4
9357 11
9358 13
9359 0
9360 13
9361 5
9362 11
9363 11
9364 14
9365 13
9366 0
9367 13
9368 11
9369 0
9370 20
9371 13
9372 0
9373 11
9374 4
9375 4
9376 13
9377 0
9378 0
9379 13
9380 1
9381 3
9382 5
9383 11
9384 20
9385 4
9386 0
9387 2
9388 4
9389 4
9390 13
9391 5
9392 11
9393 0
9394 0
9395 4
9396 3
9397 4
9398 6
9399 13
9400 13
9401 0
9402 5
9403 13
9404 4
9405 0
9406 13
9407 0
9408 0
9409 0
9410 4
9411 20
9412 0
9413 6
9414 6
9415 2
9416 4
9417 23
9418 8
9419 4
9420 20
9421 13
9422 11
9423 0
9424 8
9425 13
9426 2
9427 20
9428 5
9429 13
9430 4
9431 0
9432 12
9433 0
9434 4
9435 11
9436 8
9437 1
9438 13
9439 4
9440 13
9441 0
9442 16
9443 11
9444 13
9445 13
9446 11
9447 13
9448 1
9449 20
9450 4
9451 5
9452 11
9453 4
9454 13
9455 12
9456 10
9457 8
9458 2
9459 4
9460 5
9461 11
9462 0
9463 12
9464 0
9465 2
9466 13
9467 0
9468 8
9469 20
9470 14
9471 13
9472 0
9473 13
9474 0
9475 13
9476 15
9477 12
9478 6
9479 13
9480 11
9481 0
9482 5
9483 4
9484 20
9485 4
9486 11
9487 4
9488 0
9489 11
9490 12
9491 12
9492 6
9493 13
9494 5
9495 0
9496 13
9497 11
9498 3
9499 15
9500 4
9501 0
9502 20
9503 1
9504 13
9505 4
9506 2
9507 10
9508 1
9509 13
9510 13
9511 4
9512 13
9513 4
9514 4
9515 11
9516 4
9517 0
9518 0
9519 11
9520 4
9521 13
9522 0
9523 5
9524 1
9525 5
9526 3
9527 4
9528 4
9529 13
9530 4
9531 4
9532 2
9533 7
9534 13
9535 13
9536 18
9537 20
9538 13
9539 0
9540 13
9541 13
9542 4
9543 21
9544 13
9545 2
9546 5
9547 11
9548 6
9549 11
9550 4
9551 1
9552 19
9553 0
9554 20
9555 4
9556 4
9557 6
9558 0
9559 1
9560 2
9561 5
9562 11
9563 0
9564 13
9565 13
9566 20
9567 4
9568 3
9569 7
9570 0
9571 1
9572 20
9573 11
9574 11
9575 20
9576 11
9577 13
9578 13
9579 2
9580 4
9581 6
9582 13
9583 4
9584 0
9585 0
9586 4
9587 11
9588 6
9589 1
9590 0
9591 22
9592 13
9593 0
9594 11
9595 11
9596 4
9597 20
9598 13
9599 13
9600 20
9601 0
9602 12
9603 2
9604 0
9605 4
9606 13
9607 13
9608 4
9609 20
9610 4
9611 4
9612 3
9613 0
9614 13
9615 0
9616 4
9617 4
9618 13
9619 4
9620 4
9621 0
9622 11
9623 11
9624 4
9625 13
9626 5
9627 1
9628 0
9629 11
9630 0
9631 0
9632 4
9633 1
9634 1
9635 4
9636 11
9637 0
9638 4
9639 13
9640 21
9641 4
9642 11
9643 13
9644 0
9645 6
9646 12
9647 20
9648 0
9649 13
9650 20
9651 1
9652 1
9653 11
9654 24
9655 20
9656 5
9657 0
9658 11
9659 11
9660 1
9661 2
9662 11
9663 5
9664 11
9665 20
9666 20
9667 5
9668 11
9669 0
9670 13
9671 11
9672 0
9673 1
9674 18
9675 5
9676 4
9677 13
9678 1
9679 13
9680 0
9681 0
9682 2
9683 5
9684 11
9685 13
9686 13
9687 4
9688 12
9689 4
9690 2
9691 3
9692 13
9693 1
9694 0
9695 13
9696 0
9697 2
9698 1
9699 11
9700 0
9701 2
9702 13
9703 0
9704 3
9705 4
9706 0
9707 4
9708 8
9709 13
9710 1
9711 4
9712 1
9713 13
9714 13
9715 0
9716 0
9717 0
9718 11
9719 20
9720 7
9721 5
9722 2
9723 13
9724 24
9725 13
9726 13
9727 24
9728 4
9729 0
9730 4
9731 0
9732 0
9733 5
9734 13
9735 13
9736 4
9737 11
9738 0
9739 4
9740 13
9741 6
9742 4
9743 0
9744 0
9745 11
9746 13
9747 4
9748 4
9749 2
9750 8
9751 2
9752 0
9753 3
9754 10
9755 11
9756 11
9757 4
9758 4
9759 13
9760 4
9761 20
9762 11
9763 13
9764 4
9765 5
9766 6
9767 0
9768 5
9769 4
9770 6
9771 20
9772 11
9773 5
9774 4
9775 8
9776 0
9777 4
9778 4
9779 11
9780 11
9781 4
9782 13
9783 4
9784 24
9785 13
9786 13
9787 4
9788 5
9789 1
9790 3
9791 4
9792 4
9793 0
9794 4
9795 4
9796 4
9797 3
9798 4
9799 13
9800 0
9801 11
9802 13
9803 8
9804 20
9805 14
9806 13
9807 2
9808 1
9809 4
9810 2
9811 1
9812 8
9813 11
9814 0
9815 2
9816 13
9817 4
9818 3
9819 4
9820 4
9821 0
9822 1
9823 0
9824 0
9825 0
9826 20
9827 4
9828 0
9829 20
9830 13
9831 0
9832 20
9833 13
9834 20
9835 2
9836 4
9837 11
9838 13
9839 6
9840 6
9841 1
9842 11
9843 4
9844 4
9845 19
9846 0
9847 0
9848 1
9849 0
9850 4
9851 11
9852 5
9853 13
9854 13
9855 24
9856 4
9857 11
9858 21
9859 2
9860 14
9861 13
9862 11
9863 13
9864 4
9865 0
9866 4
9867 11
9868 0
9869 5
9870 2
9871 11
9872 6
9873 8
9874 5
9875 2
9876 11
9877 0
9878 11
9879 5
9880 0
9881 0
9882 4
9883 11
9884 4
9885 10
9886 9
9887 11
9888 6
9889 4
9890 4
9891 11
9892 10
9893 4
9894 20
9895 4
9896 2
9897 15
9898 11
9899 12
9900 13
9901 2
9902 11
9903 8
9904 4
9905 6
9906 23
9907 0
9908 7
9909 7
9910 5
9911 13
9912 10
9913 4
9914 3
9915 11
9916 20
9917 11
9918 4
9919 4
9920 4
9921 0
9922 4
9923 11
9924 2
9925 13
9926 1
9927 7
9928 0
9929 4
9930 0
9931 0
9932 0
9933 11
9934 2
9935 2
9936 5
9937 17
9938 21
9939 4
9940 0
9941 13
9942 20
9943 6
9944 4
9945 10
9946 4
9947 0
9948 4
9949 15
9950 0
9951 1
9952 11
9953 13
9954 0
9955 11
9956 0
9957 11
9958 4
9959 13
9960 2
9961 0
9962 0
9963 1
9964 13
9965 13
9966 5
9967 11
9968 4
9969 0
9970 11
9971 5
9972 16
9973 4
9974 0
9975 4
9976 8
9977 0
9978 0
9979 13
9980 13
9981 4
9982 13
9983 4
9984 11
9985 0
9986 0
9987 7
9988 20
9989 0
9990 13
9991 5
9992 2
9993 8
9994 5
9995 4
9996 4
9997 20
9998 5
9999 6
10000 11
10001 11
10002 4
10003 20
10004 4
10005 13
10006 6
10007 13
10008 17
10009 11
10010 6
10011 11
10012 1
10013 11
10014 3
10015 4
10016 11
10017 4
10018 0
10019 13
10020 1
10021 0
10022 1
10023 0
10024 13
10025 5
10026 13
10027 11
10028 1
10029 13
10030 0
10031 24
10032 2
10033 11
10034 4
10035 1
10036 13
10037 11
10038 4
10039 1
10040 4
10041 16
10042 4
10043 5
10044 3
10045 2
10046 0
10047 4
10048 0
10049 9
10050 4
10051 0
10052 0
10053 4
10054 0
10055 11
10056 4
10057 20
10058 11
10059 13
10060 1
10061 11
10062 2
10063 11
10064 6
10065 11
10066 11
10067 1
10068 0
10069 11
10070 4
10071 11
10072 13
10073 5
10074 2
10075 9
10076 0
10077 11
10078 18
10079 13
10080 11
10081 13
10082 20
10083 13
10084 4
10085 11
10086 20
10087 20
10088 0
10089 4
10090 11
10091 13
10092 1
10093 11
10094 4
10095 20
10096 4
10097 24
10098 2
10099 4
10100 17
10101 1
10102 6
10103 5
10104 11
10105 11
10106 1
10107 1
10108 4
10109 23
10110 2
10111 13
10112 0
10113 21
10114 13
10115 4
10116 4
10117 4
10118 3
10119 0
10120 1
10121 0
10122 12
10123 20
10124 1
10125 13
10126 2
10127 2
10128 11
10129 4
10130 5
10131 0
10132 4
10133 13
10134 11
10135 13
10136 17
10137 2
10138 0
10139 20
10140 0
10141 4
10142 13
10143 11
10144 0
10145 0
10146 0
10147 0
10148 5
10149 6
10150 20
10151 11
10152 13
10153 5
10154 0
10155 6
10156 13
10157 13
10158 5
10159 13
10160 2
10161 2
10162 23
10163 13
10164 13
10165 5
10166 4
10167 3
10168 11
10169 4
10170 2
10171 13
10172 17
10173 16
10174 2
10175 2
10176 4
10177 0
10178 20
10179 13
10180 13
10181 20
10182 0
10183 13
10184 0
10185 11
10186 20
10187 6
10188 4
10189 0
10190 23
10191 11
10192 0
10193 1
10194 2
10195 11
10196 0
10197 4
10198 11
10199 13
10200 13
10201 17
10202 0
10203 4
10204 13
10205 0
10206 4
10207 1
10208 11
10209 11
10210 13
10211 4
10212 6
10213 0
10214 4
10215 13
10216 4
10217 0
10218 1
10219 4
10220 13
10221 11
10222 13
10223 11
10224 5
10225 4
10226 9
10227 11
10228 13
10229 22
10230 20
10231 20
10232 13
10233 11
10234 10
10235 4
10236 11
10237 1
10238 20
10239 5
10240 4
10241 0
10242 4
10243 6
10244 1
10245 11
10246 13
10247 0
10248 0
10249 20
10250 13
10251 11
10252 11
10253 0
10254 4
10255 4
10256 2
10257 4
10258 18
10259 0
10260 0
10261 11
10262 20
10263 20
10264 2
10265 4
10266 11
10267 11
10268 23
10269 24
10270 6
10271 11
10272 5
10273 11
10274 20
10275 20
10276 13
10277 4
10278 11
10279 4
10280 3
10281 11
10282 0
10283 4
10284 0
10285 20
10286 2
10287 11
10288 3
10289 0
10290 0
10291 21
10292 13
10293 6
10294 2
10295 5
10296 12
10297 11
10298 2
10299 19
10300 5
10301 12
10302 5
10303 13
10304 0
10305 4
10306 4
10307 0
10308 13
10309 13
10310 11
10311 4
10312 13
10313 4
10314 0
10315 6
10316 4
10317 0
10318 11
10319 0
10320 2
10321 4
10322 4
10323 4
10324 7
10325 6
10326 2
10327 5
10328 1
10329 4
10330 4
10331 1
10332 13
10333 4
10334 4
10335 6
10336 13
10337 0
10338 11
10339 0
10340 3
10341 13
10342 2
10343 2
10344 13
10345 6
10346 0
10347 4
10348 10
10349 13
10350 13
10351 9
10352 13
10353 11
10354 1
10355 20
10356 13
10357 20
10358 4
10359 4
10360 9
10361 20
10362 0
10363 11
10364 4
10365 13
10366 13
10367 9
10368 4
10369 11
10370 11
10371 1
10372 9
10373 5
10374 4
10375 9
10376 11
10377 3
10378 13
10379 20
10380 20
10381 11
10382 0
10383 13
10384 0
10385 13
10386 13
10387 5
10388 4
10389 11
10390 11
10391 0
10392 4
10393 3
10394 1
10395 4
10396 13
10397 13
10398 4
10399 6
10400 5
10401 9
10402 9
10403 2
10404 3
10405 13
10406 0
10407 11
10408 6
10409 22
10410 9
10411 2
10412 5
10413 13
10414 4
10415 4
10416 0
10417 11
10418 5
10419 4
10420 6
10421 0
10422 0
10423 11
10424 11
10425 22
10426 0
10427 0
10428 0
10429 2
10430 13
10431 2
10432 0
10433 0
10434 6
10435 0
10436 13
10437 5
10438 12
10439 13
10440 19
10441 10
10442 13
10443 3
10444 3
10445 3
10446 13
10447 10
10448 0
10449 4
10450 13
10451 20
10452 4
10453 13
10454 13
10455 6
10456 0
10457 5
10458 4
10459 11
10460 1
10461 0
10462 13
10463 0
10464 4
10465 6
10466 4
10467 13
10468 11
10469 6
10470 23
10471 13
10472 6
10473 13
10474 11
10475 4
10476 0
10477 0
10478 13
10479 0
10480 11
10481 11
10482 2
10483 4
10484 18
10485 4
10486 13
10487 0
10488 4
10489 11
10490 11
10491 11
10492 4
10493 4
10494 20
10495 10
10496 10
10497 5
10498 13
10499 13
10500 4
10501 4
10502 4
10503 4
10504 20
10505 4
10506 0
10507 0
10508 11
10509 4
10510 5
10511 13
10512 4
10513 4
10514 4
10515 5
10516 20
10517 11
10518 0
10519 11
10520 13
10521 4
10522 11
10523 0
10524 4
10525 11
10526 0
10527 13
10528 5
10529 0
10530 2
10531 0
10532 13
10533 13
10534 9
10535 13
10536 0
10537 11
10538 20
10539 0
10540 8
10541 11
10542 13
10543 11
10544 22
10545 0
10546 11
10547 13
10548 5
10549 13
10550 2
10551 2
10552 13
10553 0
10554 3
10555 1
10556 0
10557 0
10558 0
10559 11
10560 10
10561 4
10562 13
10563 7
10564 4
10565 6
10566 0
10567 2
10568 1
10569 11
10570 11
10571 4
10572 10
10573 4
10574 22
10575 1
10576 9
10577 2
10578 0
10579 10
10580 20
10581 0
10582 1
10583 4
10584 1
10585 0
10586 0
10587 6
10588 5
10589 2
10590 6
10591 11
10592 4
10593 1
10594 5
10595 3
10596 23
10597 0
10598 1
10599 3
10600 5
10601 11
10602 0
10603 4
10604 6
10605 13
10606 0
10607 13
10608 0
10609 2
10610 5
10611 4
10612 20
10613 7
10614 4
10615 4
10616 0
10617 11
10618 4
10619 0
10620 11
10621 6
10622 11
10623 4
10624 1
10625 7
10626 0
10627 2
10628 11
10629 1
10630 4
10631 0
10632 5
10633 20
10634 6
10635 4
10636 13
10637 6
10638 4
10639 5
10640 4
10641 11
10642 5
10643 4
10644 4
10645 11
10646 4
10647 0
10648 1
10649 11
10650 4
10651 3
10652 11
10653 4
10654 12
10655 13
10656 11
10657 4
10658 4
10659 6
10660 13
10661 13
10662 4
10663 21
10664 20
10665 8
10666 3
10667 3
10668 4
10669 5
10670 11
10671 8
10672 0
10673 0
10674 4
10675 13
10676 2
10677 0
10678 9
10679 5
10680 11
10681 12
10682 3
10683 0
10684 4
10685 0
10686 13
10687 0
10688 0
10689 0
10690 13
10691 0
10692 19
10693 0
10694 11
10695 19
10696 13
10697 13
10698 0
10699 0
10700 8
10701 0
10702 1
10703 4
10704 13
10705 0
10706 5
10707 0
10708 13
10709 4
10710 5
10711 4
10712 11
10713 12
10714 2
10715 8
10716 5
10717 13
10718 4
10719 11
10720 12
10721 11
10722 1
10723 4
10724 4
10725 13
10726 3
10727 1
10728 21
10729 13
10730 5
10731 13
10732 20
10733 6
10734 8
10735 11
10736 0
10737 0
10738 3
10739 4
10740 8
10741 8
10742 2
10743 4
10744 0
10745 13
10746 13
10747 3
10748 11
10749 2
10750 1
10751 4
10752 3
10753 2
10754 2
10755 4
10756 11
10757 0
10758 11
10759 4
10760 4
10761 13
10762 4
10763 13
10764 3
10765 1
10766 0
10767 11
10768 4
10769 13
10770 11
10771 1
10772 11
10773 2
10774 13
10775 4
10776 11
10777 20
10778 0
10779 0
10780 20
10781 0
10782 13
10783 0
10784 4
10785 6
10786 5
10787 11
10788 4
10789 13
10790 15
10791 3
10792 1
10793 4
10794 20
10795 13
10796 13
10797 1
10798 4
10799 0
10800 13
10801 4
10802 8
10803 8
10804 13
10805 13
10806 4
10807 11
10808 4
10809 8
10810 5
10811 0
10812 3
10813 11
10814 3
10815 0
10816 4
10817 11
10818 0
10819 16
10820 11
10821 5
10822 8
10823 5
10824 11
10825 0
10826 11
10827 3
10828 0
10829 11
10830 0
10831 9
10832 17
10833 5
10834 20
10835 12
10836 24
10837 4
10838 5
10839 0
10840 13
10841 11
10842 20
10843 13
10844 20
10845 4
10846 4
10847 13
10848 13
10849 4
10850 4
10851 13
10852 20
10853 13
10854 8
10855 11
10856 13
10857 6
10858 0
10859 4
10860 13
10861 5
10862 4
10863 6
10864 20
10865 18
10866 0
10867 5
10868 0
10869 0
10870 1
10871 0
10872 0
10873 13
10874 4
10875 4
10876 23
10877 11
10878 0
10879 3
10880 0
10881 0
10882 4
10883 11
10884 17
10885 4
10886 11
10887 0
10888 13
10889 0
10890 4
10891 0
10892 11
10893 17
10894 19
10895 19
10896 0
10897 13
10898 11
10899 0
10900 11
10901 0
10902 4
10903 8
10904 13
10905 0
10906 13
10907 11
10908 13
10909 6
10910 23
10911 4
10912 3
10913 13
10914 2
10915 4
10916 4
10917 13
10918 0
10919 13
10920 13
10921 11
10922 2
10923 3
10924 20
10925 8
10926 0
10927 5
10928 13
10929 3
10930 13
10931 13
10932 13
10933 2
10934 20
10935 20
10936 4
10937 11
10938 0
10939 13
10940 2
10941 20
10942 5
10943 11
10944 5
10945 0
10946 0
10947 20
10948 13
10949 8
10950 13
10951 0
10952 3
10953 13
10954 3
10955 11
10956 13
10957 12
10958 9
10959 11
10960 11
10961 13
10962 1
10963 13
10964 0
10965 4
10966 20
10967 0
10968 11
10969 13
10970 4
10971 4
10972 5
10973 4
10974 4
10975 13
10976 0
10977 0
10978 11
10979 0
10980 1
10981 0
10982 20
10983 4
10984 1
10985 13
10986 7
10987 13
10988 13
10989 20
10990 13
10991 5
10992 2
10993 13
10994 0
10995 0
10996 4
10997 19
10998 11
10999 11
11000 13
11001 20
11002 1
11003 2
11004 0
11005 0
11006 20
11007 0
11008 1
11009 0
11010 4
11011 0
11012 8
11013 4
11014 4
11015 0
11016 6
11017 13
11018 20
11019 0
11020 13
11021 0
11022 20
11023 0
11024 0
11025 0
11026 0
11027 13
11028 0
11029 0
11030 6
11031 20
11032 13
11033 11
11034 3
11035 13
11036 11
11037 11
11038 20
11039 11
11040 13
11041 13
11042 4
11043 0
11044 0
11045 5
11046 3
11047 13
11048 0
11049 23
11050 11
11051 4
11052 11
11053 11
11054 1
11055 11
11056 13
11057 20
11058 0
11059 2
11060 13
11061 1
11062 0
11063 0
11064 1
11065 2
11066 2
11067 2
11068 0
11069 13
11070 20
11071 4
11072 0
11073 1
11074 4
11075 5
11076 0
11077 18
11078 0
11079 20
11080 6
11081 13
11082 1
11083 20
11084 11
11085 0
11086 0
11087 2
11088 3
11089 13
11090 8
11091 1
11092 1
11093 20
11094 11
11095 0
11096 4
11097 0
11098 4
11099 0
11100 4
11101 4
11102 20
11103 1
11104 1
11105 5
11106 0
11107 20
11108 1
11109 4
11110 3
11111 4
11112 13
11113 4
11114 11
11115 20
11116 0
11117 11
11118 4
11119 2
11120 16
11121 0
11122 13
11123 5
11124 1
11125 0
11126 11
11127 4
11128 13
11129 12
11130 11
11131 4
11132 4
11133 11
11134 6
11135 13
11136 20
11137 11
11138 6
11139 13
11140 0
11141 2
11142 11
11143 0
11144 20
11145 4
11146 2
11147 13
11148 4
11149 13
11150 5
11151 1
11152 6
11153 13
11154 2
11155 10
11156 13
11157 13
11158 2
11159 13
11160 6
11161 4
11162 0
11163 13
11164 13
11165 20
11166 4
11167 4
11168 6
11169 20
11170 1
11171 4
11172 4
11173 0
11174 6
11175 11
11176 4
11177 0
11178 11
11179 11
11180 0
11181 23
11182 8
11183 11
11184 0
11185 3
11186 13
11187 0
11188 4
11189 0
11190 0
11191 13
11192 11
11193 17
11194 11
11195 0
11196 19
11197 11
11198 14
11199 3
11200 1
11201 4
11202 12
11203 0
